,Date,No. of new cases,No. of new deaths,No. of new people cured,Change in No. of new people being treated/isolated,Cumulative No. of cases,Cumulative No. of people cured,Cumulative No. of deaths,Cumulative No. of people being treated/isolated,Province
0,2020-02-29,2,0,0,2,2,0,0,2,DKI JAKARTA
1,2020-03-01,2,0,0,2,4,0,0,4,DKI JAKARTA
2,2020-03-02,2,0,0,2,6,0,0,6,DKI JAKARTA
3,2020-03-03,2,0,0,2,8,0,0,8,DKI JAKARTA
4,2020-03-04,0,1,0,-1,8,0,1,7,DKI JAKARTA
5,2020-03-05,0,0,0,0,8,0,1,7,DKI JAKARTA
6,2020-03-06,0,2,0,-2,8,0,3,5,DKI JAKARTA
7,2020-03-07,0,0,0,0,8,0,3,5,DKI JAKARTA
8,2020-03-08,0,1,0,-1,8,0,4,4,DKI JAKARTA
9,2020-03-09,0,0,0,0,8,0,4,4,DKI JAKARTA
10,2020-03-10,0,0,0,0,8,0,4,4,DKI JAKARTA
11,2020-03-11,0,1,4,-5,8,4,5,-1,DKI JAKARTA
12,2020-03-12,0,1,3,-4,8,7,6,-5,DKI JAKARTA
13,2020-03-13,1,1,1,-1,9,8,7,-6,DKI JAKARTA
14,2020-03-14,6,3,0,3,15,8,10,-3,DKI JAKARTA
15,2020-03-15,0,3,0,-3,15,8,13,-6,DKI JAKARTA
16,2020-03-16,1,1,0,0,16,8,14,-6,DKI JAKARTA
17,2020-03-17,0,1,0,-1,16,8,15,-7,DKI JAKARTA
18,2020-03-18,1,0,1,0,17,9,15,-7,DKI JAKARTA
19,2020-03-19,1,3,1,-3,18,10,18,-10,DKI JAKARTA
20,2020-03-20,0,3,6,-9,18,16,21,-19,DKI JAKARTA
21,2020-03-21,0,0,3,-3,18,19,21,-22,DKI JAKARTA
22,2020-03-22,0,0,0,0,18,19,21,-22,DKI JAKARTA
23,2020-03-23,0,19,3,-22,18,22,40,-44,DKI JAKARTA
24,2020-03-24,0,1,0,-1,18,22,41,-45,DKI JAKARTA
25,2020-03-25,56,2,0,54,74,22,43,9,DKI JAKARTA
26,2020-03-26,68,7,6,55,142,28,50,64,DKI JAKARTA
27,2020-03-27,41,9,9,23,183,37,59,87,DKI JAKARTA
28,2020-03-28,49,10,0,39,232,37,69,126,DKI JAKARTA
29,2020-03-29,31,7,0,24,263,37,76,150,DKI JAKARTA
30,2020-03-30,42,9,0,33,305,37,85,183,DKI JAKARTA
31,2020-03-31,59,1,0,58,364,37,86,241,DKI JAKARTA
32,2020-04-01,69,5,2,62,433,39,91,303,DKI JAKARTA
33,2020-04-02,70,6,2,62,503,41,97,365,DKI JAKARTA
34,2020-04-03,55,8,5,42,558,46,105,407,DKI JAKARTA
35,2020-04-04,85,11,2,72,643,48,116,479,DKI JAKARTA
36,2020-04-05,98,7,7,84,741,55,123,563,DKI JAKARTA
37,2020-04-06,110,14,3,93,851,58,137,656,DKI JAKARTA
38,2020-04-07,86,8,5,73,937,63,145,729,DKI JAKARTA
39,2020-04-08,226,34,5,187,1163,68,179,916,DKI JAKARTA
40,2020-04-09,49,11,4,34,1212,72,190,950,DKI JAKARTA
41,2020-04-10,185,10,7,168,1397,79,200,1118,DKI JAKARTA
42,2020-04-11,122,33,37,52,1519,116,233,1170,DKI JAKARTA
43,2020-04-12,134,7,1,126,1653,117,240,1296,DKI JAKARTA
44,2020-04-13,122,10,0,112,1775,117,250,1408,DKI JAKARTA
45,2020-04-14,128,9,20,99,1903,137,259,1507,DKI JAKARTA
46,2020-04-15,174,1,0,173,2077,137,260,1680,DKI JAKARTA
47,2020-04-16,139,7,35,97,2216,172,267,1777,DKI JAKARTA
48,2020-04-17,100,7,1,92,2316,173,274,1869,DKI JAKARTA
49,2020-04-18,98,3,25,70,2414,198,277,1939,DKI JAKARTA
50,2020-04-19,70,5,7,58,2484,205,282,1997,DKI JAKARTA
51,2020-04-20,149,2,59,88,2633,264,284,2085,DKI JAKARTA
52,2020-04-21,108,1,8,99,2741,272,285,2184,DKI JAKARTA
53,2020-04-22,122,0,4,118,2863,276,285,2302,DKI JAKARTA
54,2020-04-23,78,0,1,77,2941,277,285,2379,DKI JAKARTA
55,2020-04-24,78,18,7,53,3019,284,303,2432,DKI JAKARTA
56,2020-04-25,104,7,1,96,3123,285,310,2528,DKI JAKARTA
57,2020-04-26,65,13,1,51,3188,286,323,2579,DKI JAKARTA
58,2020-04-27,124,3,22,99,3312,308,326,2678,DKI JAKARTA
59,2020-04-28,86,0,74,12,3398,382,326,2690,DKI JAKARTA
60,2020-04-29,83,0,46,37,3481,428,326,2727,DKI JAKARTA
61,2020-04-30,135,4,2,129,3616,430,330,2856,DKI JAKARTA
62,2020-05-01,70,17,24,29,3686,454,347,2885,DKI JAKARTA
63,2020-05-02,58,5,112,-59,3744,566,352,2826,DKI JAKARTA
64,2020-05-03,72,8,3,61,3816,569,360,2887,DKI JAKARTA
65,2020-05-04,131,1,66,64,3947,635,361,2951,DKI JAKARTA
66,2020-05-05,103,5,37,61,4050,672,366,3012,DKI JAKARTA
67,2020-05-06,82,8,3,71,4132,675,374,3083,DKI JAKARTA
68,2020-05-07,96,1,0,95,4228,675,375,3178,DKI JAKARTA
69,2020-05-08,98,3,5,90,4326,680,378,3268,DKI JAKARTA
70,2020-05-09,124,6,49,69,4450,729,384,3337,DKI JAKARTA
71,2020-05-10,80,6,9,65,4530,738,390,3402,DKI JAKARTA
72,2020-05-11,94,2,107,-15,4624,845,392,3387,DKI JAKARTA
73,2020-05-12,178,6,96,76,4802,941,398,3463,DKI JAKARTA
74,2020-05-13,130,2,134,-6,4932,1075,400,3457,DKI JAKARTA
75,2020-05-14,82,7,106,-31,5014,1181,407,3426,DKI JAKARTA
76,2020-05-15,100,0,18,82,5114,1199,407,3508,DKI JAKARTA
77,2020-05-16,127,3,11,113,5241,1210,410,3621,DKI JAKARTA
78,2020-05-17,79,0,0,79,5320,1210,410,3700,DKI JAKARTA
79,2020-05-18,93,7,21,65,5413,1231,417,3765,DKI JAKARTA
80,2020-05-19,84,1,3,80,5497,1234,418,3845,DKI JAKARTA
81,2020-05-20,69,8,130,-69,5566,1364,426,3776,DKI JAKARTA
82,2020-05-21,103,29,55,19,5669,1419,455,3795,DKI JAKARTA
83,2020-05-22,111,1,54,56,5780,1473,456,3851,DKI JAKARTA
84,2020-05-23,112,0,20,92,5892,1493,456,3943,DKI JAKARTA
85,2020-05-24,75,0,65,10,5967,1558,456,3953,DKI JAKARTA
86,2020-05-25,87,0,13,74,6054,1571,456,4027,DKI JAKARTA
87,2020-05-26,108,8,16,84,6162,1587,464,4111,DKI JAKARTA
88,2020-05-27,100,0,20,80,6262,1607,464,4191,DKI JAKARTA
89,2020-05-28,124,0,38,86,6386,1645,464,4277,DKI JAKARTA
90,2020-05-29,103,7,253,-157,6489,1898,471,4120,DKI JAKARTA
91,2020-05-30,112,1,70,41,6601,1968,472,4161,DKI JAKARTA
92,2020-05-31,153,2,185,-34,6754,2153,474,4127,DKI JAKARTA
93,2020-06-01,59,0,120,-61,6813,2273,474,4066,DKI JAKARTA
94,2020-06-02,88,5,181,-98,6901,2454,479,3968,DKI JAKARTA
95,2020-06-03,107,0,21,86,7008,2475,479,4054,DKI JAKARTA
96,2020-06-04,70,1,138,-69,7078,2613,480,3985,DKI JAKARTA
97,2020-06-05,113,0,86,27,7191,2699,480,4012,DKI JAKARTA
98,2020-06-06,164,4,285,-125,7355,2984,484,3887,DKI JAKARTA
99,2020-06-07,88,0,75,13,7443,3059,484,3900,DKI JAKARTA
100,2020-06-08,236,4,162,70,7679,3221,488,3970,DKI JAKARTA
101,2020-06-09,166,2,141,23,7845,3362,490,3993,DKI JAKARTA
102,2020-06-10,131,1,146,-16,7976,3508,491,3977,DKI JAKARTA
103,2020-06-11,91,4,117,-30,8067,3625,495,3947,DKI JAKARTA
104,2020-06-12,121,8,57,56,8188,3682,503,4003,DKI JAKARTA
105,2020-06-13,118,8,246,-136,8306,3928,511,3867,DKI JAKARTA
106,2020-06-14,141,2,110,29,8447,4038,513,3896,DKI JAKARTA
107,2020-06-15,96,0,132,-36,8543,4170,513,3860,DKI JAKARTA
108,2020-06-16,122,5,115,2,8665,4285,518,3862,DKI JAKARTA
109,2020-06-17,170,30,129,11,8835,4414,548,3873,DKI JAKARTA
110,2020-06-18,132,1,126,5,8967,4540,549,3878,DKI JAKARTA
111,2020-06-19,189,8,122,59,9156,4662,557,3937,DKI JAKARTA
112,2020-06-20,141,1,232,-92,9297,4894,558,3845,DKI JAKARTA
113,2020-06-21,123,0,74,49,9420,4968,558,3894,DKI JAKARTA
114,2020-06-22,160,8,109,43,9580,5077,566,3937,DKI JAKARTA
115,2020-06-23,152,8,95,49,9732,5172,574,3986,DKI JAKARTA
116,2020-06-24,181,9,218,-46,9913,5390,583,3940,DKI JAKARTA
117,2020-06-25,197,4,0,193,10110,5390,587,4133,DKI JAKARTA
118,2020-06-26,192,8,68,116,10302,5458,595,4249,DKI JAKARTA
119,2020-06-27,132,1,255,-124,10434,5713,596,4125,DKI JAKARTA
120,2020-06-28,122,0,252,-130,10556,5965,596,3995,DKI JAKARTA
121,2020-06-29,182,8,393,-219,10738,6358,604,3776,DKI JAKARTA
122,2020-06-30,215,0,167,48,10953,6525,604,3824,DKI JAKARTA
123,2020-07-01,200,6,191,3,11153,6716,610,3827,DKI JAKARTA
124,2020-07-02,137,5,239,-107,11290,6955,615,3720,DKI JAKARTA
125,2020-07-03,218,0,267,-49,11508,7222,615,3671,DKI JAKARTA
126,2020-07-04,255,5,286,-36,11763,7508,620,3635,DKI JAKARTA
127,2020-07-05,221,0,373,-152,11984,7881,620,3483,DKI JAKARTA
128,2020-07-06,193,12,242,-61,12177,8123,632,3422,DKI JAKARTA
129,2020-07-07,350,5,147,198,12527,8270,637,3620,DKI JAKARTA
130,2020-07-08,277,6,221,50,12804,8491,643,3670,DKI JAKARTA
131,2020-07-09,252,0,180,72,13056,8671,643,3742,DKI JAKARTA
132,2020-07-10,383,10,215,158,13439,8886,653,3900,DKI JAKARTA
133,2020-07-11,389,10,159,220,13828,9045,663,4120,DKI JAKARTA
134,2020-07-12,281,6,208,67,14109,9253,669,4187,DKI JAKARTA
135,2020-07-13,266,4,120,142,14375,9373,673,4329,DKI JAKARTA
136,2020-07-14,251,5,192,54,14626,9565,678,4383,DKI JAKARTA
137,2020-07-15,309,7,135,167,14935,9700,685,4550,DKI JAKARTA
138,2020-07-16,257,6,139,112,15192,9839,691,4662,DKI JAKARTA
139,2020-07-17,339,8,120,211,15531,9959,699,4873,DKI JAKARTA
140,2020-07-18,319,9,326,-16,15850,10285,708,4857,DKI JAKARTA
141,2020-07-19,381,9,153,219,16231,10438,717,5076,DKI JAKARTA
142,2020-07-20,432,8,266,158,16663,10704,725,5234,DKI JAKARTA
143,2020-07-21,387,5,365,17,17050,11069,730,5251,DKI JAKARTA
144,2020-07-22,462,2,168,292,17512,11237,732,5543,DKI JAKARTA
145,2020-07-23,293,4,268,21,17805,11505,736,5564,DKI JAKARTA
146,2020-07-24,369,0,174,195,18174,11679,736,5759,DKI JAKARTA
147,2020-07-25,384,4,161,219,18558,11840,740,5978,DKI JAKARTA
148,2020-07-26,501,10,111,380,19059,11951,750,6358,DKI JAKARTA
149,2020-07-27,409,15,374,20,19468,12325,765,6378,DKI JAKARTA
150,2020-07-28,617,14,247,356,20085,12572,779,6734,DKI JAKARTA
151,2020-07-29,397,19,188,190,20482,12760,798,6924,DKI JAKARTA
152,2020-07-30,430,14,405,11,20912,13165,812,6935,DKI JAKARTA
153,2020-07-31,368,12,679,-323,21280,13844,824,6612,DKI JAKARTA
154,2020-08-01,377,0,141,236,21657,13985,824,6848,DKI JAKARTA
155,2020-08-02,472,16,134,322,22129,14119,840,7170,DKI JAKARTA
156,2020-08-03,410,14,222,174,22539,14341,854,7344,DKI JAKARTA
157,2020-08-04,354,14,379,-39,22893,14720,868,7305,DKI JAKARTA
158,2020-08-05,556,13,246,297,23449,14966,881,7602,DKI JAKARTA
159,2020-08-06,665,12,196,457,24114,15162,893,8059,DKI JAKARTA
160,2020-08-07,686,11,509,166,24800,15671,904,8225,DKI JAKARTA
161,2020-08-08,440,6,558,-124,25240,16229,910,8101,DKI JAKARTA
162,2020-08-09,435,2,178,255,25675,16407,912,8356,DKI JAKARTA
163,2020-08-10,462,12,184,266,26137,16591,924,8622,DKI JAKARTA
164,2020-08-11,529,15,819,-305,26666,17410,939,8317,DKI JAKARTA
165,2020-08-12,608,11,387,210,27274,17797,950,8527,DKI JAKARTA
166,2020-08-13,538,4,692,-158,27812,18489,954,8369,DKI JAKARTA
167,2020-08-14,583,6,526,51,28395,19015,960,8420,DKI JAKARTA
168,2020-02-29,3,0,0,3,3,0,0,3,JAWA BARAT
169,2020-03-01,0,0,0,0,3,0,0,3,JAWA BARAT
170,2020-03-02,1,1,0,0,4,0,1,3,JAWA BARAT
171,2020-03-03,1,0,0,1,5,0,1,4,JAWA BARAT
172,2020-03-04,0,0,0,0,5,0,1,4,JAWA BARAT
173,2020-03-05,1,0,0,1,6,0,1,5,JAWA BARAT
174,2020-03-06,0,0,0,0,6,0,1,5,JAWA BARAT
175,2020-03-07,0,0,0,0,6,0,1,5,JAWA BARAT
176,2020-03-08,0,0,0,0,6,0,1,5,JAWA BARAT
177,2020-03-09,0,0,0,0,6,0,1,5,JAWA BARAT
178,2020-03-10,1,1,0,0,7,0,2,5,JAWA BARAT
179,2020-03-11,1,0,0,1,8,0,2,6,JAWA BARAT
180,2020-03-12,4,0,4,0,12,4,2,6,JAWA BARAT
181,2020-03-13,0,0,0,0,12,4,2,6,JAWA BARAT
182,2020-03-14,0,0,0,0,12,4,2,6,JAWA BARAT
183,2020-03-15,1,0,0,1,13,4,2,7,JAWA BARAT
184,2020-03-16,11,0,0,11,24,4,2,18,JAWA BARAT
185,2020-03-17,5,1,1,3,29,5,3,21,JAWA BARAT
186,2020-03-18,7,1,0,6,36,5,4,27,JAWA BARAT
187,2020-03-19,16,2,0,14,52,5,6,41,JAWA BARAT
188,2020-03-20,5,0,0,5,57,5,6,46,JAWA BARAT
189,2020-03-21,3,3,0,0,60,5,9,46,JAWA BARAT
190,2020-03-22,8,2,0,6,68,5,11,52,JAWA BARAT
191,2020-03-23,1,1,1,-1,69,6,12,51,JAWA BARAT
192,2020-03-24,4,0,0,4,73,6,12,55,JAWA BARAT
193,2020-03-25,8,0,0,8,81,6,12,63,JAWA BARAT
194,2020-03-26,27,4,0,23,108,6,16,86,JAWA BARAT
195,2020-03-27,23,2,1,20,131,7,18,106,JAWA BARAT
196,2020-03-28,33,2,1,30,164,8,20,136,JAWA BARAT
197,2020-03-29,25,0,3,22,189,11,20,158,JAWA BARAT
198,2020-03-30,9,0,0,9,198,11,20,167,JAWA BARAT
199,2020-03-31,25,0,0,25,223,11,20,192,JAWA BARAT
200,2020-04-01,23,4,1,18,246,12,24,210,JAWA BARAT
201,2020-04-02,2,1,2,-1,248,14,25,209,JAWA BARAT
202,2020-04-03,25,2,0,23,273,14,27,232,JAWA BARAT
203,2020-04-04,10,0,0,10,283,14,27,242,JAWA BARAT
204,2020-04-05,20,1,1,18,303,15,28,260,JAWA BARAT
205,2020-04-06,80,0,3,77,383,18,28,337,JAWA BARAT
206,2020-04-07,25,5,1,19,408,19,33,356,JAWA BARAT
207,2020-04-08,21,6,2,13,429,21,39,369,JAWA BARAT
208,2020-04-09,11,0,0,11,440,21,39,380,JAWA BARAT
209,2020-04-10,45,1,1,43,485,22,40,423,JAWA BARAT
210,2020-04-11,33,4,3,26,518,25,44,449,JAWA BARAT
211,2020-04-12,77,10,3,64,595,28,54,513,JAWA BARAT
212,2020-04-13,5,0,1,4,600,29,54,517,JAWA BARAT
213,2020-04-14,37,3,1,33,637,30,57,550,JAWA BARAT
214,2020-04-15,22,1,5,16,659,35,58,566,JAWA BARAT
215,2020-04-16,65,3,16,46,724,51,61,612,JAWA BARAT
216,2020-04-17,15,0,0,15,739,51,61,627,JAWA BARAT
217,2020-04-18,54,1,9,44,793,60,62,671,JAWA BARAT
218,2020-04-19,27,3,4,20,820,64,65,691,JAWA BARAT
219,2020-04-20,18,5,23,-10,838,87,70,681,JAWA BARAT
220,2020-04-21,8,3,3,2,846,90,73,683,JAWA BARAT
221,2020-04-22,27,3,9,15,873,99,76,698,JAWA BARAT
222,2020-04-23,74,2,3,69,947,102,78,767,JAWA BARAT
223,2020-04-24,47,0,3,44,994,105,78,811,JAWA BARAT
224,2020-04-25,12,0,1,11,1006,106,78,822,JAWA BARAT
225,2020-04-26,40,1,3,36,1046,109,79,858,JAWA BARAT
226,2020-04-27,19,1,7,11,1065,116,80,869,JAWA BARAT
227,2020-04-28,40,0,7,33,1105,123,80,902,JAWA BARAT
228,2020-04-29,5,4,37,-36,1110,160,84,866,JAWA BARAT
229,2020-04-30,4,0,3,1,1114,163,84,867,JAWA BARAT
230,2020-05-01,36,1,3,32,1150,166,85,899,JAWA BARAT
231,2020-05-02,14,1,8,5,1164,174,86,904,JAWA BARAT
232,2020-05-03,187,3,7,177,1351,181,89,1081,JAWA BARAT
233,2020-05-04,52,1,10,41,1403,191,90,1122,JAWA BARAT
234,2020-05-05,21,3,11,7,1424,202,93,1129,JAWA BARAT
235,2020-05-06,53,0,8,45,1477,210,93,1174,JAWA BARAT
236,2020-05-07,30,2,1,27,1507,211,95,1201,JAWA BARAT
237,2020-05-08,31,3,19,9,1538,230,98,1210,JAWA BARAT
238,2020-05-09,0,0,0,0,1538,230,98,1210,JAWA BARAT
239,2020-05-10,55,3,11,41,1593,241,101,1251,JAWA BARAT
240,2020-05-11,53,0,4,49,1646,245,101,1300,JAWA BARAT
241,2020-05-12,8,0,27,-19,1654,272,101,1281,JAWA BARAT
242,2020-05-13,10,1,7,2,1664,279,102,1283,JAWA BARAT
243,2020-05-14,33,1,18,14,1697,297,103,1297,JAWA BARAT
244,2020-05-15,24,0,2,22,1721,299,103,1319,JAWA BARAT
245,2020-05-16,32,10,58,-36,1753,357,113,1283,JAWA BARAT
246,2020-05-17,22,14,77,-69,1775,434,127,1214,JAWA BARAT
247,2020-05-18,22,1,14,7,1797,448,128,1221,JAWA BARAT
248,2020-05-19,163,0,2,161,1960,450,128,1382,JAWA BARAT
249,2020-05-20,83,0,11,72,2043,461,128,1454,JAWA BARAT
250,2020-05-21,39,2,13,24,2082,474,130,1478,JAWA BARAT
251,2020-05-22,57,2,41,14,2139,515,132,1492,JAWA BARAT
252,2020-05-23,47,1,11,35,2186,526,133,1527,JAWA BARAT
253,2020-05-24,21,0,4,17,2207,530,133,1544,JAWA BARAT
254,2020-05-25,17,9,26,-18,2224,556,142,1526,JAWA BARAT
255,2020-05-26,23,5,36,-18,2247,592,147,1508,JAWA BARAT
256,2020-05-27,25,0,46,-21,2272,638,147,1487,JAWA BARAT
257,2020-05-28,40,1,7,32,2312,645,148,1519,JAWA BARAT
258,2020-05-29,20,2,34,-16,2332,679,150,1503,JAWA BARAT
259,2020-05-30,38,0,9,29,2370,688,150,1532,JAWA BARAT
260,2020-05-31,41,0,8,33,2411,696,150,1565,JAWA BARAT
261,2020-06-01,18,7,36,-25,2429,732,157,1540,JAWA BARAT
262,2020-06-02,4,3,57,-56,2433,789,160,1484,JAWA BARAT
263,2020-06-03,8,1,20,-13,2441,809,161,1471,JAWA BARAT
264,2020-06-04,15,3,49,-37,2456,858,164,1434,JAWA BARAT
265,2020-06-05,13,0,18,-5,2469,876,164,1429,JAWA BARAT
266,2020-06-06,34,0,106,-72,2503,982,164,1357,JAWA BARAT
267,2020-06-07,23,3,75,-55,2526,1057,167,1302,JAWA BARAT
268,2020-06-08,29,0,15,14,2555,1072,167,1316,JAWA BARAT
269,2020-06-09,52,0,38,14,2607,1110,167,1330,JAWA BARAT
270,2020-06-10,48,0,21,27,2655,1131,167,1357,JAWA BARAT
271,2020-06-11,15,0,46,-31,2670,1177,167,1326,JAWA BARAT
272,2020-06-12,12,0,36,-24,2682,1213,167,1302,JAWA BARAT
273,2020-06-13,16,0,44,-28,2698,1257,167,1274,JAWA BARAT
274,2020-06-14,24,1,7,16,2722,1264,168,1290,JAWA BARAT
275,2020-06-15,37,0,11,26,2759,1275,168,1316,JAWA BARAT
276,2020-06-16,43,7,28,8,2802,1303,175,1324,JAWA BARAT
277,2020-06-17,51,2,53,-4,2853,1356,177,1320,JAWA BARAT
278,2020-06-18,63,0,30,33,2916,1386,177,1353,JAWA BARAT
279,2020-06-19,19,0,1,18,2935,1387,177,1371,JAWA BARAT
280,2020-06-20,22,0,2,20,2957,1389,177,1391,JAWA BARAT
281,2020-06-21,18,0,24,-6,2975,1413,177,1385,JAWA BARAT
282,2020-06-22,32,0,30,2,3007,1443,177,1387,JAWA BARAT
283,2020-06-23,46,0,10,36,3053,1453,177,1423,JAWA BARAT
284,2020-06-24,41,2,67,-28,3094,1520,179,1395,JAWA BARAT
285,2020-06-25,35,2,111,-78,3129,1631,181,1317,JAWA BARAT
286,2020-06-26,49,0,15,34,3178,1646,181,1351,JAWA BARAT
287,2020-06-27,25,0,9,16,3203,1655,181,1367,JAWA BARAT
288,2020-06-28,43,0,3,40,3246,1658,181,1407,JAWA BARAT
289,2020-06-29,75,1,84,-10,3321,1742,182,1397,JAWA BARAT
290,2020-06-30,58,1,15,42,3379,1757,183,1439,JAWA BARAT
291,2020-07-01,66,0,45,21,3445,1802,183,1460,JAWA BARAT
292,2020-07-02,33,0,4,29,3478,1806,183,1489,JAWA BARAT
293,2020-07-03,86,0,22,64,3564,1828,183,1553,JAWA BARAT
294,2020-07-04,107,0,17,90,3671,1845,183,1643,JAWA BARAT
295,2020-07-05,129,1,22,106,3800,1867,184,1749,JAWA BARAT
296,2020-07-06,80,2,44,34,3880,1911,186,1783,JAWA BARAT
297,2020-07-07,95,2,25,68,3975,1936,188,1851,JAWA BARAT
298,2020-07-08,964,4,28,932,4939,1964,192,2783,JAWA BARAT
299,2020-07-09,109,0,35,74,5048,1999,192,2857,JAWA BARAT
300,2020-07-10,74,1,29,44,5122,2028,193,2901,JAWA BARAT
301,2020-07-11,45,0,9,36,5167,2037,193,2937,JAWA BARAT
302,2020-07-12,87,0,19,68,5254,2056,193,3005,JAWA BARAT
303,2020-07-13,77,1,34,42,5331,2090,194,3047,JAWA BARAT
304,2020-07-14,74,1,147,-74,5405,2237,195,2973,JAWA BARAT
305,2020-07-15,39,0,18,21,5444,2255,195,2994,JAWA BARAT
306,2020-07-16,53,1,33,19,5497,2288,196,3013,JAWA BARAT
307,2020-07-17,58,1,18,39,5555,2306,197,3052,JAWA BARAT
308,2020-07-18,24,0,4,20,5579,2310,197,3072,JAWA BARAT
309,2020-07-19,59,0,94,-35,5638,2404,197,3037,JAWA BARAT
310,2020-07-20,64,4,32,28,5702,2436,201,3065,JAWA BARAT
311,2020-07-21,32,0,23,9,5734,2459,201,3074,JAWA BARAT
312,2020-07-22,64,1,13,50,5798,2472,202,3124,JAWA BARAT
313,2020-07-23,89,0,19,70,5887,2491,202,3194,JAWA BARAT
314,2020-07-24,71,0,33,38,5958,2524,202,3232,JAWA BARAT
315,2020-07-25,50,0,23,27,6008,2547,202,3259,JAWA BARAT
316,2020-07-26,57,0,406,-349,6065,2953,202,2910,JAWA BARAT
317,2020-07-27,134,0,607,-473,6199,3560,202,2437,JAWA BARAT
318,2020-07-28,97,2,48,47,6296,3608,204,2484,JAWA BARAT
319,2020-07-29,144,2,334,-192,6440,3942,206,2292,JAWA BARAT
320,2020-07-30,70,0,17,53,6510,3959,206,2345,JAWA BARAT
321,2020-07-31,61,0,19,42,6571,3978,206,2387,JAWA BARAT
322,2020-08-01,57,0,7,50,6628,3985,206,2437,JAWA BARAT
323,2020-08-02,55,0,47,8,6683,4032,206,2445,JAWA BARAT
324,2020-08-03,94,5,170,-81,6777,4202,211,2364,JAWA BARAT
325,2020-08-04,125,0,9,116,6902,4211,211,2480,JAWA BARAT
326,2020-08-05,82,1,32,49,6984,4243,212,2529,JAWA BARAT
327,2020-08-06,152,4,63,85,7136,4306,216,2614,JAWA BARAT
328,2020-08-07,242,3,40,199,7378,4346,219,2813,JAWA BARAT
329,2020-08-08,178,4,65,109,7556,4411,223,2922,JAWA BARAT
330,2020-08-09,33,0,28,5,7589,4439,223,2927,JAWA BARAT
331,2020-08-10,96,4,39,53,7685,4478,227,2980,JAWA BARAT
332,2020-08-11,109,1,71,37,7794,4549,228,3017,JAWA BARAT
333,2020-08-12,111,1,17,93,7905,4566,229,3110,JAWA BARAT
334,2020-08-13,361,1,20,340,8266,4586,230,3450,JAWA BARAT
335,2020-08-14,237,0,36,201,8503,4622,230,3651,JAWA BARAT
336,2020-03-17,2,0,0,2,2,0,0,2,JAWA TIMUR
337,2020-03-18,0,0,1,-1,2,1,0,1,JAWA TIMUR
338,2020-03-19,0,0,0,0,2,1,0,1,JAWA TIMUR
339,2020-03-20,0,0,0,0,2,1,0,1,JAWA TIMUR
340,2020-03-21,0,0,0,0,2,1,0,1,JAWA TIMUR
341,2020-03-22,0,0,0,0,2,1,0,1,JAWA TIMUR
342,2020-03-23,0,1,0,-1,2,1,1,0,JAWA TIMUR
343,2020-03-24,0,2,2,-4,2,3,3,-4,JAWA TIMUR
344,2020-03-25,8,0,2,6,10,5,3,2,JAWA TIMUR
345,2020-03-26,7,0,0,7,17,5,3,9,JAWA TIMUR
346,2020-03-27,11,0,0,11,28,5,3,20,JAWA TIMUR
347,2020-03-28,12,3,0,9,40,5,6,29,JAWA TIMUR
348,2020-03-29,1,1,0,0,41,5,7,29,JAWA TIMUR
349,2020-03-30,2,2,0,0,43,5,9,29,JAWA TIMUR
350,2020-03-31,10,0,5,5,53,10,9,34,JAWA TIMUR
351,2020-04-01,0,1,2,-3,53,12,10,31,JAWA TIMUR
352,2020-04-02,48,0,0,48,101,12,10,79,JAWA TIMUR
353,2020-04-03,0,3,4,-7,101,16,13,72,JAWA TIMUR
354,2020-04-04,35,2,1,32,136,17,15,104,JAWA TIMUR
355,2020-04-05,3,0,10,-7,139,27,15,97,JAWA TIMUR
356,2020-04-06,5,0,1,4,144,28,15,101,JAWA TIMUR
357,2020-04-07,2,0,1,1,146,29,15,102,JAWA TIMUR
358,2020-04-08,27,2,7,18,173,36,17,120,JAWA TIMUR
359,2020-04-09,33,4,11,18,206,47,21,138,JAWA TIMUR
360,2020-04-10,11,3,2,6,217,49,24,144,JAWA TIMUR
361,2020-04-11,119,0,0,119,336,49,24,263,JAWA TIMUR
362,2020-04-12,52,2,4,46,388,53,26,309,JAWA TIMUR
363,2020-04-13,36,13,7,16,424,60,39,325,JAWA TIMUR
364,2020-04-14,25,4,11,10,449,71,43,335,JAWA TIMUR
365,2020-04-15,15,1,3,11,464,74,44,346,JAWA TIMUR
366,2020-04-16,8,1,8,-1,472,82,45,345,JAWA TIMUR
367,2020-04-17,33,3,2,28,505,84,48,373,JAWA TIMUR
368,2020-04-18,33,5,2,26,538,86,53,399,JAWA TIMUR
369,2020-04-19,0,3,2,-5,538,88,56,394,JAWA TIMUR
370,2020-04-20,15,1,1,13,553,89,57,407,JAWA TIMUR
371,2020-04-21,34,0,0,34,587,89,57,441,JAWA TIMUR
372,2020-04-22,25,2,11,12,612,100,59,453,JAWA TIMUR
373,2020-04-23,28,7,16,5,640,116,66,458,JAWA TIMUR
374,2020-04-24,77,8,5,64,717,121,74,522,JAWA TIMUR
375,2020-04-25,17,12,5,0,734,126,86,522,JAWA TIMUR
376,2020-04-26,11,1,2,8,745,128,87,530,JAWA TIMUR
377,2020-04-27,61,2,4,55,806,132,89,585,JAWA TIMUR
378,2020-04-28,14,4,8,2,820,140,93,587,JAWA TIMUR
379,2020-04-29,83,2,5,76,903,145,95,663,JAWA TIMUR
380,2020-04-30,76,3,5,68,979,150,98,731,JAWA TIMUR
381,2020-05-01,6,7,3,-4,985,153,105,727,JAWA TIMUR
382,2020-05-02,72,5,9,58,1057,162,110,785,JAWA TIMUR
383,2020-05-03,9,6,4,-1,1066,166,116,784,JAWA TIMUR
384,2020-05-04,42,0,2,40,1108,168,116,824,JAWA TIMUR
385,2020-05-05,56,6,18,32,1164,186,122,856,JAWA TIMUR
386,2020-05-06,45,10,8,27,1209,194,132,883,JAWA TIMUR
387,2020-05-07,18,5,9,4,1227,203,137,887,JAWA TIMUR
388,2020-05-08,135,3,12,120,1362,215,140,1007,JAWA TIMUR
389,2020-05-09,78,2,3,73,1440,218,142,1080,JAWA TIMUR
390,2020-05-10,37,6,14,17,1477,232,148,1097,JAWA TIMUR
391,2020-05-11,115,6,14,95,1592,246,154,1192,JAWA TIMUR
392,2020-05-12,115,8,16,91,1707,262,162,1283,JAWA TIMUR
393,2020-05-13,89,4,4,81,1796,266,166,1364,JAWA TIMUR
394,2020-05-14,60,11,16,33,1856,282,177,1397,JAWA TIMUR
395,2020-05-15,176,5,8,163,2032,290,182,1560,JAWA TIMUR
396,2020-05-16,54,11,10,33,2086,300,193,1593,JAWA TIMUR
397,2020-05-17,135,15,25,95,2221,325,208,1688,JAWA TIMUR
398,2020-05-18,83,13,38,32,2304,363,221,1720,JAWA TIMUR
399,2020-05-19,123,6,12,105,2427,375,227,1825,JAWA TIMUR
400,2020-05-20,489,13,16,460,2916,391,240,2285,JAWA TIMUR
401,2020-05-21,124,14,10,100,3040,401,254,2385,JAWA TIMUR
402,2020-05-22,450,14,13,423,3490,414,268,2808,JAWA TIMUR
403,2020-05-23,77,12,39,26,3567,453,280,2834,JAWA TIMUR
404,2020-05-24,231,9,24,198,3798,477,289,3032,JAWA TIMUR
405,2020-05-25,58,9,17,32,3856,494,298,3064,JAWA TIMUR
406,2020-05-26,176,19,16,141,4032,510,317,3205,JAWA TIMUR
407,2020-05-27,125,14,26,85,4157,536,331,3290,JAWA TIMUR
408,2020-05-28,168,11,22,135,4325,558,342,3425,JAWA TIMUR
409,2020-05-29,195,27,19,149,4520,577,369,3574,JAWA TIMUR
410,2020-05-30,233,24,20,189,4753,597,393,3763,JAWA TIMUR
411,2020-05-31,72,16,45,11,4825,642,409,3774,JAWA TIMUR
412,2020-06-01,215,6,45,164,5040,687,415,3938,JAWA TIMUR
413,2020-06-02,174,11,101,62,5214,788,426,4000,JAWA TIMUR
414,2020-06-03,97,8,289,-200,5311,1077,434,3800,JAWA TIMUR
415,2020-06-04,141,10,118,13,5452,1195,444,3813,JAWA TIMUR
416,2020-06-05,265,17,153,95,5717,1348,461,3908,JAWA TIMUR
417,2020-06-06,103,20,48,35,5820,1396,481,3943,JAWA TIMUR
418,2020-06-07,354,19,90,245,6174,1486,500,4188,JAWA TIMUR
419,2020-06-08,199,12,84,103,6373,1570,512,4291,JAWA TIMUR
420,2020-06-09,262,15,98,149,6635,1668,527,4440,JAWA TIMUR
421,2020-06-10,282,24,112,146,6917,1780,551,4586,JAWA TIMUR
422,2020-06-11,308,22,72,214,7225,1852,573,4800,JAWA TIMUR
423,2020-06-12,184,14,248,-78,7409,2100,587,4722,JAWA TIMUR
424,2020-06-13,198,11,75,112,7607,2175,598,4834,JAWA TIMUR
425,2020-06-14,265,16,62,187,7872,2237,614,5021,JAWA TIMUR
426,2020-06-15,246,22,72,152,8118,2309,636,5173,JAWA TIMUR
427,2020-06-16,237,14,56,167,8355,2365,650,5340,JAWA TIMUR
428,2020-06-17,384,13,79,292,8739,2444,663,5632,JAWA TIMUR
429,2020-06-18,137,14,102,21,8876,2546,677,5653,JAWA TIMUR
430,2020-06-19,376,20,103,253,9252,2649,697,5906,JAWA TIMUR
431,2020-06-20,90,17,125,-52,9342,2774,714,5854,JAWA TIMUR
432,2020-06-21,300,13,66,221,9642,2840,727,6075,JAWA TIMUR
433,2020-06-22,250,13,60,177,9892,2900,740,6252,JAWA TIMUR
434,2020-06-23,167,9,80,78,10059,2980,749,6330,JAWA TIMUR
435,2020-06-24,247,14,241,-8,10306,3221,763,6322,JAWA TIMUR
436,2020-06-25,361,32,192,137,10667,3413,795,6459,JAWA TIMUR
437,2020-06-26,280,17,189,74,10947,3602,812,6533,JAWA TIMUR
438,2020-06-27,320,17,101,202,11267,3703,829,6735,JAWA TIMUR
439,2020-06-28,288,32,171,85,11555,3874,861,6820,JAWA TIMUR
440,2020-06-29,328,31,121,176,11883,3995,892,6996,JAWA TIMUR
441,2020-06-30,187,34,187,-34,12070,4182,926,6962,JAWA TIMUR
442,2020-07-01,352,22,191,139,12422,4373,948,7101,JAWA TIMUR
443,2020-07-02,350,21,249,80,12772,4622,969,7181,JAWA TIMUR
444,2020-07-03,407,27,100,280,13179,4722,996,7461,JAWA TIMUR
445,2020-07-04,593,23,154,416,13772,4876,1019,7877,JAWA TIMUR
446,2020-07-05,309,33,104,172,14081,4980,1052,8049,JAWA TIMUR
447,2020-07-06,304,26,118,160,14385,5098,1078,8209,JAWA TIMUR
448,2020-07-07,356,23,204,129,14741,5302,1101,8338,JAWA TIMUR
449,2020-07-08,510,23,263,224,15251,5565,1124,8562,JAWA TIMUR
450,2020-07-09,257,27,234,-4,15508,5799,1151,8558,JAWA TIMUR
451,2020-07-10,412,36,318,58,15920,6117,1187,8616,JAWA TIMUR
452,2020-07-11,523,20,206,297,16443,6323,1207,8913,JAWA TIMUR
453,2020-07-12,235,18,274,-57,16678,6597,1225,8856,JAWA TIMUR
454,2020-07-13,355,21,351,-17,17033,6948,1246,8839,JAWA TIMUR
455,2020-07-14,184,28,521,-365,17217,7469,1274,8474,JAWA TIMUR
456,2020-07-15,187,26,444,-283,17404,7913,1300,8191,JAWA TIMUR
457,2020-07-16,284,37,387,-140,17688,8300,1337,8051,JAWA TIMUR
458,2020-07-17,227,11,555,-339,17915,8855,1348,7712,JAWA TIMUR
459,2020-07-18,289,52,475,-238,18204,9330,1400,7474,JAWA TIMUR
460,2020-07-19,241,32,375,-166,18445,9705,1432,7308,JAWA TIMUR
461,2020-07-20,307,28,348,-69,18752,10053,1460,7239,JAWA TIMUR
462,2020-07-21,265,35,395,-165,19017,10448,1495,7074,JAWA TIMUR
463,2020-07-22,357,29,665,-337,19374,11113,1524,6737,JAWA TIMUR
464,2020-07-23,495,29,421,45,19869,11534,1553,6782,JAWA TIMUR
465,2020-07-24,309,18,408,-117,20178,11942,1571,6665,JAWA TIMUR
466,2020-07-25,289,17,365,-93,20467,12307,1588,6572,JAWA TIMUR
467,2020-07-26,279,19,361,-101,20746,12668,1607,6471,JAWA TIMUR
468,2020-07-27,316,22,401,-107,21062,13069,1629,6364,JAWA TIMUR
469,2020-07-28,362,33,538,-209,21424,13607,1662,6155,JAWA TIMUR
470,2020-07-29,291,14,445,-168,21715,14052,1676,5987,JAWA TIMUR
471,2020-07-30,320,21,351,-52,22035,14403,1697,5935,JAWA TIMUR
472,2020-07-31,240,21,462,-243,22275,14865,1718,5692,JAWA TIMUR
473,2020-08-01,180,0,191,-11,22455,15056,1718,5681,JAWA TIMUR
474,2020-08-02,478,22,476,-20,22933,15532,1740,5661,JAWA TIMUR
475,2020-08-03,430,40,333,57,23363,15865,1780,5718,JAWA TIMUR
476,2020-08-04,417,18,390,9,23780,16255,1798,5727,JAWA TIMUR
477,2020-08-05,286,18,465,-197,24066,16720,1816,5530,JAWA TIMUR
478,2020-08-06,378,17,489,-128,24444,17209,1833,5402,JAWA TIMUR
479,2020-08-07,429,22,464,-57,24873,17673,1855,5345,JAWA TIMUR
480,2020-08-08,408,21,365,22,25281,18038,1876,5367,JAWA TIMUR
481,2020-08-09,296,17,367,-88,25577,18405,1893,5279,JAWA TIMUR
482,2020-08-10,291,21,363,-93,25868,18768,1914,5186,JAWA TIMUR
483,2020-08-11,303,16,345,-58,26171,19113,1930,5128,JAWA TIMUR
484,2020-08-12,341,22,383,-64,26512,19496,1952,5064,JAWA TIMUR
485,2020-08-13,418,14,468,-64,26930,19964,1966,5000,JAWA TIMUR
486,2020-08-14,436,21,455,-40,27366,20419,1987,4960,JAWA TIMUR
487,2020-03-17,1,1,0,0,1,0,1,0,JAWA TENGAH
488,2020-03-18,1,0,0,1,2,0,1,1,JAWA TENGAH
489,2020-03-19,2,0,0,2,4,0,1,3,JAWA TENGAH
490,2020-03-20,1,1,0,0,5,0,2,3,JAWA TENGAH
491,2020-03-21,0,0,0,0,5,0,2,3,JAWA TENGAH
492,2020-03-22,3,0,0,3,8,0,2,6,JAWA TENGAH
493,2020-03-23,1,1,0,0,9,0,3,6,JAWA TENGAH
494,2020-03-24,18,1,0,17,27,0,4,23,JAWA TENGAH
495,2020-03-25,2,0,1,1,29,1,4,24,JAWA TENGAH
496,2020-03-26,4,0,0,4,33,1,4,28,JAWA TENGAH
497,2020-03-27,12,1,2,9,45,3,5,37,JAWA TENGAH
498,2020-03-28,7,2,0,5,52,3,7,42,JAWA TENGAH
499,2020-03-29,14,1,0,13,66,3,8,55,JAWA TENGAH
500,2020-03-30,12,2,0,10,78,3,10,65,JAWA TENGAH
501,2020-03-31,8,7,15,-14,86,18,17,51,JAWA TENGAH
502,2020-04-01,0,2,1,-3,86,19,19,48,JAWA TENGAH
503,2020-04-02,13,1,4,8,99,23,20,56,JAWA TENGAH
504,2020-04-03,8,1,3,4,107,26,21,60,JAWA TENGAH
505,2020-04-04,0,0,0,0,107,26,21,60,JAWA TENGAH
506,2020-04-05,12,4,1,7,119,27,25,67,JAWA TENGAH
507,2020-04-06,1,0,0,1,120,27,25,68,JAWA TENGAH
508,2020-04-07,7,2,2,3,127,29,27,71,JAWA TENGAH
509,2020-04-08,4,1,3,0,131,32,28,71,JAWA TENGAH
510,2020-04-09,0,0,0,0,131,32,28,71,JAWA TENGAH
511,2020-04-10,0,1,0,-1,131,32,29,70,JAWA TENGAH
512,2020-04-11,56,0,1,55,187,33,29,125,JAWA TENGAH
513,2020-04-12,3,1,0,2,190,33,30,127,JAWA TENGAH
514,2020-04-13,75,1,1,73,265,34,31,200,JAWA TENGAH
515,2020-04-14,13,2,1,10,278,35,33,210,JAWA TENGAH
516,2020-04-15,8,2,2,4,286,37,35,214,JAWA TENGAH
517,2020-04-16,5,4,16,-15,291,53,39,199,JAWA TENGAH
518,2020-04-17,24,0,5,19,315,58,39,218,JAWA TENGAH
519,2020-04-18,21,2,0,19,336,58,41,237,JAWA TENGAH
520,2020-04-19,3,1,2,0,339,60,42,237,JAWA TENGAH
521,2020-04-20,99,1,1,97,438,61,43,334,JAWA TENGAH
522,2020-04-21,30,1,7,22,468,68,44,356,JAWA TENGAH
523,2020-04-22,59,1,4,54,527,72,45,410,JAWA TENGAH
524,2020-04-23,37,3,1,33,564,73,48,443,JAWA TENGAH
525,2020-04-24,46,1,8,37,610,81,49,480,JAWA TENGAH
526,2020-04-25,28,0,0,28,638,81,49,508,JAWA TENGAH
527,2020-04-26,17,1,10,6,655,91,50,514,JAWA TENGAH
528,2020-04-27,16,0,13,3,671,104,50,517,JAWA TENGAH
529,2020-04-28,29,2,4,23,700,108,52,540,JAWA TENGAH
530,2020-04-29,15,1,5,9,715,113,53,549,JAWA TENGAH
531,2020-04-30,22,1,6,15,737,119,54,564,JAWA TENGAH
532,2020-05-01,19,0,7,12,756,126,54,576,JAWA TENGAH
533,2020-05-02,9,1,8,0,765,134,55,576,JAWA TENGAH
534,2020-05-03,22,0,6,16,787,140,55,592,JAWA TENGAH
535,2020-05-04,49,0,15,34,836,155,55,626,JAWA TENGAH
536,2020-05-05,44,1,25,18,880,180,56,644,JAWA TENGAH
537,2020-05-06,13,1,13,-1,893,193,57,643,JAWA TENGAH
538,2020-05-07,28,0,30,-2,921,223,57,641,JAWA TENGAH
539,2020-05-08,26,2,11,13,947,234,59,654,JAWA TENGAH
540,2020-05-09,19,1,0,18,966,234,60,672,JAWA TENGAH
541,2020-05-10,2,0,3,-1,968,237,60,671,JAWA TENGAH
542,2020-05-11,9,1,0,8,977,237,61,679,JAWA TENGAH
543,2020-05-12,32,0,1,31,1009,238,61,710,JAWA TENGAH
544,2020-05-13,46,0,1,45,1055,239,61,755,JAWA TENGAH
545,2020-05-14,43,0,5,38,1098,244,61,793,JAWA TENGAH
546,2020-05-15,31,0,0,31,1129,244,61,824,JAWA TENGAH
547,2020-05-16,17,0,0,17,1146,244,61,841,JAWA TENGAH
548,2020-05-17,8,0,5,3,1154,249,61,844,JAWA TENGAH
549,2020-05-18,10,0,0,10,1164,249,61,854,JAWA TENGAH
550,2020-05-19,17,0,1,16,1181,250,61,870,JAWA TENGAH
551,2020-05-20,25,0,2,23,1206,252,61,893,JAWA TENGAH
552,2020-05-21,17,0,0,17,1223,252,61,910,JAWA TENGAH
553,2020-05-22,54,0,0,54,1277,252,61,964,JAWA TENGAH
554,2020-05-23,21,0,4,17,1298,256,61,981,JAWA TENGAH
555,2020-05-24,2,0,1,1,1300,257,61,982,JAWA TENGAH
556,2020-05-25,4,0,15,-11,1304,272,61,971,JAWA TENGAH
557,2020-05-26,11,0,0,11,1315,272,61,982,JAWA TENGAH
558,2020-05-27,10,0,0,10,1325,272,61,992,JAWA TENGAH
559,2020-05-28,14,0,59,-45,1339,331,61,947,JAWA TENGAH
560,2020-05-29,16,0,20,-4,1355,351,61,943,JAWA TENGAH
561,2020-05-30,37,0,6,31,1392,357,61,974,JAWA TENGAH
562,2020-05-31,14,1,9,4,1406,366,62,978,JAWA TENGAH
563,2020-06-01,15,0,1,14,1421,367,62,992,JAWA TENGAH
564,2020-06-02,22,1,1,20,1443,368,63,1012,JAWA TENGAH
565,2020-06-03,24,0,4,20,1467,372,63,1032,JAWA TENGAH
566,2020-06-04,58,6,36,16,1525,408,69,1048,JAWA TENGAH
567,2020-06-05,27,0,5,22,1552,413,69,1070,JAWA TENGAH
568,2020-06-06,51,22,10,19,1603,423,91,1089,JAWA TENGAH
569,2020-06-07,27,0,34,-7,1630,457,91,1082,JAWA TENGAH
570,2020-06-08,32,5,82,-55,1662,539,96,1027,JAWA TENGAH
571,2020-06-09,139,0,117,22,1801,656,96,1049,JAWA TENGAH
572,2020-06-10,19,0,5,14,1820,661,96,1063,JAWA TENGAH
573,2020-06-11,44,0,47,-3,1864,708,96,1060,JAWA TENGAH
574,2020-06-12,70,0,28,42,1934,736,96,1102,JAWA TENGAH
575,2020-06-13,113,1,25,87,2047,761,97,1189,JAWA TENGAH
576,2020-06-14,116,17,40,59,2163,801,114,1248,JAWA TENGAH
577,2020-06-15,56,0,19,37,2219,820,114,1285,JAWA TENGAH
578,2020-06-16,115,0,63,52,2334,883,114,1337,JAWA TENGAH
579,2020-06-17,45,9,21,15,2379,904,123,1352,JAWA TENGAH
580,2020-06-18,80,13,20,47,2459,924,136,1399,JAWA TENGAH
581,2020-06-19,98,0,24,74,2557,948,136,1473,JAWA TENGAH
582,2020-06-20,99,0,28,71,2656,976,136,1544,JAWA TENGAH
583,2020-06-21,49,1,26,22,2705,1002,137,1566,JAWA TENGAH
584,2020-06-22,49,4,44,1,2754,1046,141,1567,JAWA TENGAH
585,2020-06-23,76,2,12,62,2830,1058,143,1629,JAWA TENGAH
586,2020-06-24,78,0,0,78,2908,1058,143,1707,JAWA TENGAH
587,2020-06-25,178,0,0,178,3086,1058,143,1885,JAWA TENGAH
588,2020-06-26,197,0,18,179,3283,1076,143,2064,JAWA TENGAH
589,2020-06-27,188,0,11,177,3471,1087,143,2241,JAWA TENGAH
590,2020-06-28,198,0,57,141,3669,1144,143,2382,JAWA TENGAH
591,2020-06-29,153,20,145,-12,3822,1289,163,2370,JAWA TENGAH
592,2020-06-30,173,1,95,77,3995,1384,164,2447,JAWA TENGAH
593,2020-07-01,153,0,4,149,4148,1388,164,2596,JAWA TENGAH
594,2020-07-02,134,15,88,31,4282,1476,179,2627,JAWA TENGAH
595,2020-07-03,110,19,106,-15,4392,1582,198,2612,JAWA TENGAH
596,2020-07-04,208,15,19,174,4600,1601,213,2786,JAWA TENGAH
597,2020-07-05,127,17,61,49,4727,1662,230,2835,JAWA TENGAH
598,2020-07-06,140,2,67,71,4867,1729,232,2906,JAWA TENGAH
599,2020-07-07,205,13,86,106,5072,1815,245,3012,JAWA TENGAH
600,2020-07-08,120,1,13,106,5192,1828,246,3118,JAWA TENGAH
601,2020-07-09,100,19,172,-91,5292,2000,265,3027,JAWA TENGAH
602,2020-07-10,100,2,2,96,5392,2002,267,3123,JAWA TENGAH
603,2020-07-11,70,10,9,51,5462,2011,277,3174,JAWA TENGAH
604,2020-07-12,100,6,11,83,5562,2022,283,3257,JAWA TENGAH
605,2020-07-13,80,3,5,72,5642,2027,286,3329,JAWA TENGAH
606,2020-07-14,261,6,79,176,5903,2106,292,3505,JAWA TENGAH
607,2020-07-15,214,5,217,-8,6117,2323,297,3497,JAWA TENGAH
608,2020-07-16,238,0,180,58,6355,2503,297,3555,JAWA TENGAH
609,2020-07-17,260,0,262,-2,6615,2765,297,3553,JAWA TENGAH
610,2020-07-18,298,26,402,-130,6913,3167,323,3423,JAWA TENGAH
611,2020-07-19,350,36,288,26,7263,3455,359,3449,JAWA TENGAH
612,2020-07-20,119,15,138,-34,7382,3593,374,3415,JAWA TENGAH
613,2020-07-21,316,65,129,122,7698,3722,439,3537,JAWA TENGAH
614,2020-07-22,294,59,101,134,7992,3823,498,3671,JAWA TENGAH
615,2020-07-23,124,40,98,-14,8116,3921,538,3657,JAWA TENGAH
616,2020-07-24,191,8,108,75,8307,4029,546,3732,JAWA TENGAH
617,2020-07-25,94,13,142,-61,8401,4171,559,3671,JAWA TENGAH
618,2020-07-26,210,1,155,54,8611,4326,560,3725,JAWA TENGAH
619,2020-07-27,185,12,306,-133,8796,4632,572,3592,JAWA TENGAH
620,2020-07-28,313,18,284,11,9109,4916,590,3603,JAWA TENGAH
621,2020-07-29,161,19,342,-200,9270,5258,609,3403,JAWA TENGAH
622,2020-07-30,235,8,72,155,9505,5330,617,3558,JAWA TENGAH
623,2020-07-31,143,15,300,-172,9648,5630,632,3386,JAWA TENGAH
624,2020-08-01,73,24,133,-84,9721,5763,656,3302,JAWA TENGAH
625,2020-08-02,95,2,119,-26,9816,5882,658,3276,JAWA TENGAH
626,2020-08-03,60,1,91,-32,9876,5973,659,3244,JAWA TENGAH
627,2020-08-04,149,15,154,-20,10025,6127,674,3224,JAWA TENGAH
628,2020-08-05,115,20,174,-79,10140,6301,694,3145,JAWA TENGAH
629,2020-08-06,232,8,195,29,10372,6496,702,3174,JAWA TENGAH
630,2020-08-07,88,11,68,9,10460,6564,713,3183,JAWA TENGAH
631,2020-08-08,140,3,62,75,10600,6626,716,3258,JAWA TENGAH
632,2020-08-09,68,5,154,-91,10668,6780,721,3167,JAWA TENGAH
633,2020-08-10,86,3,90,-7,10754,6870,724,3160,JAWA TENGAH
634,2020-08-11,179,20,131,28,10933,7001,744,3188,JAWA TENGAH
635,2020-08-12,204,14,103,87,11137,7104,758,3275,JAWA TENGAH
636,2020-08-13,192,9,53,130,11329,7157,767,3405,JAWA TENGAH
637,2020-08-14,131,6,59,66,11460,7216,773,3471,JAWA TENGAH
638,2020-03-18,1,0,0,1,1,0,0,1,SULAWESI SELATAN
639,2020-03-19,0,0,0,0,1,0,0,1,SULAWESI SELATAN
640,2020-03-20,0,0,0,0,1,0,0,1,SULAWESI SELATAN
641,2020-03-21,0,0,0,0,1,0,0,1,SULAWESI SELATAN
642,2020-03-22,0,1,0,-1,1,0,1,0,SULAWESI SELATAN
643,2020-03-23,2,0,0,2,3,0,1,2,SULAWESI SELATAN
644,2020-03-24,9,0,0,9,12,0,1,11,SULAWESI SELATAN
645,2020-03-25,14,0,0,14,26,0,1,25,SULAWESI SELATAN
646,2020-03-26,2,0,0,2,28,0,1,27,SULAWESI SELATAN
647,2020-03-27,3,0,0,3,31,0,1,30,SULAWESI SELATAN
648,2020-03-28,15,0,0,15,46,0,1,45,SULAWESI SELATAN
649,2020-03-29,4,2,0,2,50,0,3,47,SULAWESI SELATAN
650,2020-03-30,0,1,0,-1,50,0,4,46,SULAWESI SELATAN
651,2020-03-31,14,0,0,14,64,0,4,60,SULAWESI SELATAN
652,2020-04-01,0,2,4,-6,64,4,6,54,SULAWESI SELATAN
653,2020-04-02,15,0,0,15,79,4,6,69,SULAWESI SELATAN
654,2020-04-03,0,2,5,-7,79,9,8,62,SULAWESI SELATAN
655,2020-04-04,2,2,11,-11,81,20,10,51,SULAWESI SELATAN
656,2020-04-05,29,0,0,29,110,20,10,80,SULAWESI SELATAN
657,2020-04-06,10,0,2,8,120,22,10,88,SULAWESI SELATAN
658,2020-04-07,5,1,2,2,125,24,11,90,SULAWESI SELATAN
659,2020-04-08,6,0,0,6,131,24,11,96,SULAWESI SELATAN
660,2020-04-09,33,1,0,32,164,24,12,128,SULAWESI SELATAN
661,2020-04-10,11,6,0,5,175,24,18,133,SULAWESI SELATAN
662,2020-04-11,45,0,0,45,220,24,18,178,SULAWESI SELATAN
663,2020-04-12,0,1,6,-7,220,30,19,171,SULAWESI SELATAN
664,2020-04-13,8,3,4,1,228,34,22,172,SULAWESI SELATAN
665,2020-04-14,10,1,9,0,238,43,23,172,SULAWESI SELATAN
666,2020-04-15,27,2,0,25,265,43,25,197,SULAWESI SELATAN
667,2020-04-16,65,2,2,61,330,45,27,258,SULAWESI SELATAN
668,2020-04-17,10,2,5,3,340,50,29,261,SULAWESI SELATAN
669,2020-04-18,27,1,10,16,367,60,30,277,SULAWESI SELATAN
670,2020-04-19,0,1,9,-10,367,69,31,267,SULAWESI SELATAN
671,2020-04-20,6,2,0,4,373,69,33,271,SULAWESI SELATAN
672,2020-04-21,13,0,5,8,386,74,33,279,SULAWESI SELATAN
673,2020-04-22,10,0,5,5,396,79,33,284,SULAWESI SELATAN
674,2020-04-23,22,0,1,21,418,80,33,305,SULAWESI SELATAN
675,2020-04-24,13,1,1,11,431,81,34,316,SULAWESI SELATAN
676,2020-04-25,8,1,18,-11,439,99,35,305,SULAWESI SELATAN
677,2020-04-26,0,0,7,-7,439,106,35,298,SULAWESI SELATAN
678,2020-04-27,13,0,2,11,452,108,35,309,SULAWESI SELATAN
679,2020-04-28,12,0,10,2,464,118,35,311,SULAWESI SELATAN
680,2020-04-29,26,0,4,22,490,122,35,333,SULAWESI SELATAN
681,2020-04-30,56,0,13,43,546,135,35,376,SULAWESI SELATAN
682,2020-05-01,30,4,10,16,576,145,39,392,SULAWESI SELATAN
683,2020-05-02,24,0,6,18,600,151,39,410,SULAWESI SELATAN
684,2020-05-03,6,0,48,-42,606,199,39,368,SULAWESI SELATAN
685,2020-05-04,33,2,27,4,639,226,41,372,SULAWESI SELATAN
686,2020-05-05,25,3,7,15,664,233,44,387,SULAWESI SELATAN
687,2020-05-06,19,1,3,15,683,236,45,402,SULAWESI SELATAN
688,2020-05-07,24,2,13,9,707,249,47,411,SULAWESI SELATAN
689,2020-05-08,2,0,9,-7,709,258,47,404,SULAWESI SELATAN
690,2020-05-09,12,2,6,4,721,264,49,408,SULAWESI SELATAN
691,2020-05-10,0,1,11,-12,721,275,50,396,SULAWESI SELATAN
692,2020-05-11,26,0,7,19,747,282,50,415,SULAWESI SELATAN
693,2020-05-12,54,0,5,49,801,287,50,464,SULAWESI SELATAN
694,2020-05-13,36,0,5,31,837,292,50,495,SULAWESI SELATAN
695,2020-05-14,33,0,0,33,870,292,50,528,SULAWESI SELATAN
696,2020-05-15,46,1,19,26,916,311,51,554,SULAWESI SELATAN
697,2020-05-16,34,0,7,27,950,318,51,581,SULAWESI SELATAN
698,2020-05-17,66,2,18,46,1016,336,53,627,SULAWESI SELATAN
699,2020-05-18,47,0,21,26,1063,357,53,653,SULAWESI SELATAN
700,2020-05-19,36,1,9,26,1099,366,54,679,SULAWESI SELATAN
701,2020-05-20,33,3,31,-1,1132,397,57,678,SULAWESI SELATAN
702,2020-05-21,71,2,19,50,1203,416,59,728,SULAWESI SELATAN
703,2020-05-22,57,0,6,51,1260,422,59,779,SULAWESI SELATAN
704,2020-05-23,32,2,33,-3,1292,455,61,776,SULAWESI SELATAN
705,2020-05-24,22,3,6,13,1314,461,64,789,SULAWESI SELATAN
706,2020-05-25,34,2,37,-5,1348,498,66,784,SULAWESI SELATAN
707,2020-05-26,28,0,19,9,1376,517,66,793,SULAWESI SELATAN
708,2020-05-27,46,0,2,44,1422,519,66,837,SULAWESI SELATAN
709,2020-05-28,41,3,12,26,1463,531,69,863,SULAWESI SELATAN
710,2020-05-29,40,1,31,8,1503,562,70,871,SULAWESI SELATAN
711,2020-05-30,32,2,32,-2,1535,594,72,869,SULAWESI SELATAN
712,2020-05-31,45,1,30,14,1580,624,73,883,SULAWESI SELATAN
713,2020-06-01,43,0,0,43,1623,624,73,926,SULAWESI SELATAN
714,2020-06-02,37,0,11,26,1660,635,73,952,SULAWESI SELATAN
715,2020-06-03,54,4,3,47,1714,638,77,999,SULAWESI SELATAN
716,2020-06-04,53,14,34,5,1767,672,91,1004,SULAWESI SELATAN
717,2020-06-05,65,0,0,65,1832,672,91,1069,SULAWESI SELATAN
718,2020-06-06,64,0,0,64,1896,672,91,1133,SULAWESI SELATAN
719,2020-06-07,109,0,0,109,2005,672,91,1242,SULAWESI SELATAN
720,2020-06-08,176,3,30,143,2181,702,94,1385,SULAWESI SELATAN
721,2020-06-09,184,1,53,130,2365,755,95,1515,SULAWESI SELATAN
722,2020-06-10,132,0,0,132,2497,755,95,1647,SULAWESI SELATAN
723,2020-06-11,61,12,73,-24,2558,828,107,1623,SULAWESI SELATAN
724,2020-06-12,126,0,36,90,2684,864,107,1713,SULAWESI SELATAN
725,2020-06-13,138,3,36,99,2822,900,110,1812,SULAWESI SELATAN
726,2020-06-14,103,8,142,-47,2925,1042,118,1765,SULAWESI SELATAN
727,2020-06-15,167,0,43,124,3092,1085,118,1889,SULAWESI SELATAN
728,2020-06-16,89,0,16,73,3181,1101,118,1962,SULAWESI SELATAN
729,2020-06-17,165,0,23,142,3346,1124,118,2104,SULAWESI SELATAN
730,2020-06-18,210,0,43,167,3556,1167,118,2271,SULAWESI SELATAN
731,2020-06-19,111,15,75,21,3667,1242,133,2292,SULAWESI SELATAN
732,2020-06-20,110,0,38,72,3777,1280,133,2364,SULAWESI SELATAN
733,2020-06-21,111,7,38,66,3888,1318,140,2430,SULAWESI SELATAN
734,2020-06-22,132,1,42,89,4020,1360,141,2519,SULAWESI SELATAN
735,2020-06-23,137,6,39,92,4157,1399,147,2611,SULAWESI SELATAN
736,2020-06-24,119,1,55,63,4276,1454,148,2674,SULAWESI SELATAN
737,2020-06-25,167,3,155,9,4443,1609,151,2683,SULAWESI SELATAN
738,2020-06-26,147,3,40,104,4590,1649,154,2787,SULAWESI SELATAN
739,2020-06-27,193,3,62,128,4783,1711,157,2915,SULAWESI SELATAN
740,2020-06-28,195,1,51,143,4978,1762,158,3058,SULAWESI SELATAN
741,2020-06-29,89,4,69,16,5067,1831,162,3074,SULAWESI SELATAN
742,2020-06-30,129,0,52,77,5196,1883,162,3151,SULAWESI SELATAN
743,2020-07-01,166,0,51,115,5362,1934,162,3266,SULAWESI SELATAN
744,2020-07-02,179,6,40,133,5541,1974,168,3399,SULAWESI SELATAN
745,2020-07-03,193,0,39,154,5734,2013,168,3553,SULAWESI SELATAN
746,2020-07-04,135,23,93,19,5869,2106,191,3572,SULAWESI SELATAN
747,2020-07-05,86,1,82,3,5955,2188,192,3575,SULAWESI SELATAN
748,2020-07-06,214,2,45,167,6169,2233,194,3742,SULAWESI SELATAN
749,2020-07-07,168,3,15,150,6337,2248,197,3892,SULAWESI SELATAN
750,2020-07-08,127,6,186,-65,6464,2434,203,3827,SULAWESI SELATAN
751,2020-07-09,130,0,33,97,6594,2467,203,3924,SULAWESI SELATAN
752,2020-07-10,181,8,174,-1,6775,2641,211,3923,SULAWESI SELATAN
753,2020-07-11,169,6,107,56,6944,2748,217,3979,SULAWESI SELATAN
754,2020-07-12,126,3,255,-132,7070,3003,220,3847,SULAWESI SELATAN
755,2020-07-13,197,13,140,44,7267,3143,233,3891,SULAWESI SELATAN
756,2020-07-14,151,12,115,24,7418,3258,245,3915,SULAWESI SELATAN
757,2020-07-15,180,15,213,-48,7598,3471,260,3867,SULAWESI SELATAN
758,2020-07-16,100,3,115,-18,7698,3586,263,3849,SULAWESI SELATAN
759,2020-07-17,169,2,79,88,7867,3665,265,3937,SULAWESI SELATAN
760,2020-07-18,156,8,518,-370,8023,4183,273,3567,SULAWESI SELATAN
761,2020-07-19,127,3,279,-155,8150,4462,276,3412,SULAWESI SELATAN
762,2020-07-20,95,3,203,-111,8245,4665,279,3301,SULAWESI SELATAN
763,2020-07-21,150,3,355,-208,8395,5020,282,3093,SULAWESI SELATAN
764,2020-07-22,120,0,255,-135,8515,5275,282,2958,SULAWESI SELATAN
765,2020-07-23,84,3,564,-483,8599,5839,285,2475,SULAWESI SELATAN
766,2020-07-24,137,3,243,-109,8736,6082,288,2366,SULAWESI SELATAN
767,2020-07-25,137,9,0,128,8873,6082,297,2494,SULAWESI SELATAN
768,2020-07-26,114,5,8,101,8987,6090,302,2595,SULAWESI SELATAN
769,2020-07-27,131,4,257,-130,9118,6347,306,2465,SULAWESI SELATAN
770,2020-07-28,129,3,24,102,9247,6371,309,2567,SULAWESI SELATAN
771,2020-07-29,96,3,105,-12,9343,6476,312,2555,SULAWESI SELATAN
772,2020-07-30,76,0,5,71,9419,6481,312,2626,SULAWESI SELATAN
773,2020-07-31,131,8,157,-34,9550,6638,320,2592,SULAWESI SELATAN
774,2020-08-01,96,0,0,96,9646,6638,320,2688,SULAWESI SELATAN
775,2020-08-02,97,0,1,96,9743,6639,320,2784,SULAWESI SELATAN
776,2020-08-03,116,7,140,-31,9859,6779,327,2753,SULAWESI SELATAN
777,2020-08-04,127,1,155,-29,9986,6934,328,2724,SULAWESI SELATAN
778,2020-08-05,182,1,75,106,10168,7009,329,2830,SULAWESI SELATAN
779,2020-08-06,88,4,74,10,10256,7083,333,2840,SULAWESI SELATAN
780,2020-08-07,107,0,69,38,10363,7152,333,2878,SULAWESI SELATAN
781,2020-08-08,90,1,58,31,10453,7210,334,2909,SULAWESI SELATAN
782,2020-08-09,77,0,55,22,10530,7265,334,2931,SULAWESI SELATAN
783,2020-08-10,54,2,122,-70,10584,7387,336,2861,SULAWESI SELATAN
784,2020-08-11,90,1,62,27,10674,7449,337,2888,SULAWESI SELATAN
785,2020-08-12,81,1,60,20,10755,7509,338,2908,SULAWESI SELATAN
786,2020-08-13,37,4,120,-87,10792,7629,342,2821,SULAWESI SELATAN
787,2020-08-14,102,0,61,41,10894,7690,342,2862,SULAWESI SELATAN
788,2020-03-05,1,0,0,1,1,0,0,1,BANTEN
789,2020-03-06,0,0,0,0,1,0,0,1,BANTEN
790,2020-03-07,1,0,0,1,2,0,0,2,BANTEN
791,2020-03-08,0,0,0,0,2,0,0,2,BANTEN
792,2020-03-09,0,0,0,0,2,0,0,2,BANTEN
793,2020-03-10,0,0,0,0,2,0,0,2,BANTEN
794,2020-03-11,0,1,0,-1,2,0,1,1,BANTEN
795,2020-03-12,1,0,0,1,3,0,1,2,BANTEN
796,2020-03-13,1,0,0,1,4,0,1,3,BANTEN
797,2020-03-14,1,0,0,1,5,0,1,4,BANTEN
798,2020-03-15,1,0,0,1,6,0,1,5,BANTEN
799,2020-03-16,0,1,0,-1,6,0,2,4,BANTEN
800,2020-03-17,0,0,0,0,6,0,2,4,BANTEN
801,2020-03-18,0,1,0,-1,6,0,3,3,BANTEN
802,2020-03-19,0,1,0,-1,6,0,4,2,BANTEN
803,2020-03-20,0,0,0,0,6,0,4,2,BANTEN
804,2020-03-21,0,0,0,0,6,0,4,2,BANTEN
805,2020-03-22,0,0,0,0,6,0,4,2,BANTEN
806,2020-03-23,0,0,1,-1,6,1,4,1,BANTEN
807,2020-03-24,0,0,0,0,6,1,4,1,BANTEN
808,2020-03-25,0,0,1,-1,6,2,4,0,BANTEN
809,2020-03-26,25,0,0,25,31,2,4,25,BANTEN
810,2020-03-27,10,0,1,9,41,3,4,34,BANTEN
811,2020-03-28,2,2,0,0,43,3,6,34,BANTEN
812,2020-03-29,22,0,0,22,65,3,6,56,BANTEN
813,2020-03-30,14,8,0,6,79,3,14,62,BANTEN
814,2020-03-31,12,0,5,7,91,8,14,69,BANTEN
815,2020-04-01,6,1,0,5,97,8,15,74,BANTEN
816,2020-04-02,4,3,0,1,101,8,18,75,BANTEN
817,2020-04-03,3,0,0,3,104,8,18,78,BANTEN
818,2020-04-04,4,0,0,4,108,8,18,82,BANTEN
819,2020-04-05,9,1,1,7,117,9,19,89,BANTEN
820,2020-04-06,6,1,0,5,123,9,20,94,BANTEN
821,2020-04-07,19,0,0,19,142,9,20,113,BANTEN
822,2020-04-08,3,2,0,1,145,9,22,114,BANTEN
823,2020-04-09,21,1,0,20,166,9,23,134,BANTEN
824,2020-04-10,31,0,1,30,197,10,23,164,BANTEN
825,2020-04-11,2,0,1,1,199,11,23,165,BANTEN
826,2020-04-12,3,1,0,2,202,11,24,167,BANTEN
827,2020-04-13,5,0,0,5,207,11,24,172,BANTEN
828,2020-04-14,0,2,1,-3,207,12,26,169,BANTEN
829,2020-04-15,15,6,0,9,222,12,32,178,BANTEN
830,2020-04-16,9,2,0,7,231,12,34,185,BANTEN
831,2020-04-17,11,0,0,11,242,12,34,196,BANTEN
832,2020-04-18,3,0,0,3,245,12,34,199,BANTEN
833,2020-04-19,29,0,6,23,274,18,34,222,BANTEN
834,2020-04-20,0,0,0,0,274,18,34,222,BANTEN
835,2020-04-21,1,0,11,-10,275,29,34,212,BANTEN
836,2020-04-22,3,0,0,3,278,29,34,215,BANTEN
837,2020-04-23,23,4,4,15,301,33,38,230,BANTEN
838,2020-04-24,11,0,0,11,312,33,38,241,BANTEN
839,2020-04-25,0,0,0,0,312,33,38,241,BANTEN
840,2020-04-26,12,1,0,11,324,33,39,252,BANTEN
841,2020-04-27,6,1,0,5,330,33,40,257,BANTEN
842,2020-04-28,0,0,0,0,330,33,40,257,BANTEN
843,2020-04-29,16,0,1,15,346,34,40,272,BANTEN
844,2020-04-30,14,0,0,14,360,34,40,286,BANTEN
845,2020-05-01,9,0,0,9,369,34,40,295,BANTEN
846,2020-05-02,5,0,0,5,374,34,40,300,BANTEN
847,2020-05-03,14,0,0,14,388,34,40,314,BANTEN
848,2020-05-04,10,0,83,-73,398,117,40,241,BANTEN
849,2020-05-05,29,0,5,24,427,122,40,265,BANTEN
850,2020-05-06,0,15,0,-15,427,122,55,250,BANTEN
851,2020-05-07,20,0,0,20,447,122,55,270,BANTEN
852,2020-05-08,20,0,0,20,467,122,55,290,BANTEN
853,2020-05-09,10,0,0,10,477,122,55,300,BANTEN
854,2020-05-10,8,0,24,-16,485,146,55,284,BANTEN
855,2020-05-11,18,0,7,11,503,153,55,295,BANTEN
856,2020-05-12,20,1,4,15,523,157,56,310,BANTEN
857,2020-05-13,14,0,1,13,537,158,56,323,BANTEN
858,2020-05-14,28,3,0,25,565,158,59,348,BANTEN
859,2020-05-15,0,1,0,-1,565,158,60,347,BANTEN
860,2020-05-16,24,0,1,23,589,159,60,370,BANTEN
861,2020-05-17,31,1,3,27,620,162,61,397,BANTEN
862,2020-05-18,21,0,0,21,641,162,61,418,BANTEN
863,2020-05-19,1,0,0,1,642,162,61,419,BANTEN
864,2020-05-20,53,3,9,41,695,171,64,460,BANTEN
865,2020-05-21,15,1,1,13,710,172,65,473,BANTEN
866,2020-05-22,0,0,0,0,710,172,65,473,BANTEN
867,2020-05-23,21,0,4,17,731,176,65,490,BANTEN
868,2020-05-24,0,0,0,0,731,176,65,490,BANTEN
869,2020-05-25,18,0,2,16,749,178,65,506,BANTEN
870,2020-05-26,10,0,3,7,759,181,65,513,BANTEN
871,2020-05-27,14,0,24,-10,773,205,65,503,BANTEN
872,2020-05-28,13,3,12,-2,786,217,68,501,BANTEN
873,2020-05-29,14,0,26,-12,800,243,68,489,BANTEN
874,2020-05-30,3,0,0,3,803,243,68,492,BANTEN
875,2020-05-31,7,0,8,-1,810,251,68,491,BANTEN
876,2020-06-01,14,0,22,-8,824,273,68,483,BANTEN
877,2020-06-02,71,0,0,71,895,273,68,554,BANTEN
878,2020-06-03,10,0,6,4,905,279,68,558,BANTEN
879,2020-06-04,24,1,45,-22,929,324,69,536,BANTEN
880,2020-06-05,36,1,41,-6,965,365,70,530,BANTEN
881,2020-06-06,10,0,5,5,975,370,70,535,BANTEN
882,2020-06-07,11,0,2,9,986,372,70,544,BANTEN
883,2020-06-08,16,1,19,-4,1002,391,71,540,BANTEN
884,2020-06-09,33,1,10,22,1035,401,72,562,BANTEN
885,2020-06-10,25,2,10,13,1060,411,74,575,BANTEN
886,2020-06-11,35,1,6,28,1095,417,75,603,BANTEN
887,2020-06-12,74,3,1,70,1169,418,78,673,BANTEN
888,2020-06-13,9,0,22,-13,1178,440,78,660,BANTEN
889,2020-06-14,4,0,20,-16,1182,460,78,644,BANTEN
890,2020-06-15,37,0,26,11,1219,486,78,655,BANTEN
891,2020-06-16,31,0,23,8,1250,509,78,663,BANTEN
892,2020-06-17,17,0,27,-10,1267,536,78,653,BANTEN
893,2020-06-18,5,0,3,2,1272,539,78,655,BANTEN
894,2020-06-19,16,0,31,-15,1288,570,78,640,BANTEN
895,2020-06-20,9,0,1,8,1297,571,78,648,BANTEN
896,2020-06-21,8,0,0,8,1305,571,78,656,BANTEN
897,2020-06-22,11,0,13,-2,1316,584,78,654,BANTEN
898,2020-06-23,20,0,7,13,1336,591,78,667,BANTEN
899,2020-06-24,17,0,0,17,1353,591,78,684,BANTEN
900,2020-06-25,12,0,13,-1,1365,604,78,683,BANTEN
901,2020-06-26,20,0,8,12,1385,612,78,695,BANTEN
902,2020-06-27,4,0,17,-13,1389,629,78,682,BANTEN
903,2020-06-28,3,0,7,-4,1392,636,78,678,BANTEN
904,2020-06-29,11,0,4,7,1403,640,78,685,BANTEN
905,2020-06-30,12,0,21,-9,1415,661,78,676,BANTEN
906,2020-07-01,10,0,222,-212,1425,883,78,464,BANTEN
907,2020-07-02,22,0,52,-30,1447,935,78,434,BANTEN
908,2020-07-03,14,0,9,5,1461,944,78,439,BANTEN
909,2020-07-04,7,1,2,4,1468,946,79,443,BANTEN
910,2020-07-05,12,0,4,8,1480,950,79,451,BANTEN
911,2020-07-06,6,0,3,3,1486,953,79,454,BANTEN
912,2020-07-07,15,0,6,9,1501,959,79,463,BANTEN
913,2020-07-08,13,0,24,-11,1514,983,79,452,BANTEN
914,2020-07-09,8,1,28,-21,1522,1011,80,431,BANTEN
915,2020-07-10,7,0,30,-23,1529,1041,80,408,BANTEN
916,2020-07-11,13,0,50,-37,1542,1091,80,371,BANTEN
917,2020-07-12,11,0,5,6,1553,1096,80,377,BANTEN
918,2020-07-13,9,0,13,-4,1562,1109,80,373,BANTEN
919,2020-07-14,4,0,33,-29,1566,1142,80,344,BANTEN
920,2020-07-15,17,1,16,0,1583,1158,81,344,BANTEN
921,2020-07-16,11,0,10,1,1594,1168,81,345,BANTEN
922,2020-07-17,8,1,12,-5,1602,1180,82,340,BANTEN
923,2020-07-18,17,1,5,11,1619,1185,83,351,BANTEN
924,2020-07-19,8,0,13,-5,1627,1198,83,346,BANTEN
925,2020-07-20,8,1,22,-15,1635,1220,84,331,BANTEN
926,2020-07-21,4,0,7,-3,1639,1227,84,328,BANTEN
927,2020-07-22,10,0,5,5,1649,1232,84,333,BANTEN
928,2020-07-23,12,0,5,7,1661,1237,84,340,BANTEN
929,2020-07-24,5,0,7,-2,1666,1244,84,338,BANTEN
930,2020-07-25,14,2,6,6,1680,1250,86,344,BANTEN
931,2020-07-26,10,0,23,-13,1690,1273,86,331,BANTEN
932,2020-07-27,9,0,10,-1,1699,1283,86,330,BANTEN
933,2020-07-28,15,0,9,6,1714,1292,86,336,BANTEN
934,2020-07-29,29,2,17,10,1743,1309,88,346,BANTEN
935,2020-07-30,34,1,45,-12,1777,1354,89,334,BANTEN
936,2020-07-31,23,0,12,11,1800,1366,89,345,BANTEN
937,2020-08-01,12,0,19,-7,1812,1385,89,338,BANTEN
938,2020-08-02,21,2,25,-6,1833,1410,91,332,BANTEN
939,2020-08-03,33,1,12,20,1866,1422,92,352,BANTEN
940,2020-08-04,23,0,5,18,1889,1427,92,370,BANTEN
941,2020-08-05,32,1,28,3,1921,1455,93,373,BANTEN
942,2020-08-06,34,0,9,25,1955,1464,93,398,BANTEN
943,2020-08-07,22,2,9,11,1977,1473,95,409,BANTEN
944,2020-08-08,24,0,1,23,2001,1474,95,432,BANTEN
945,2020-08-09,23,0,1,22,2024,1475,95,454,BANTEN
946,2020-08-10,19,0,9,10,2043,1484,95,464,BANTEN
947,2020-08-11,49,2,18,29,2092,1502,97,493,BANTEN
948,2020-08-12,37,0,49,-12,2129,1551,97,481,BANTEN
949,2020-08-13,21,1,9,11,2150,1560,98,492,BANTEN
950,2020-08-14,33,0,20,13,2183,1580,98,505,BANTEN
951,2020-03-30,2,0,0,2,2,0,0,2,NUSA TENGGARA BARAT
952,2020-03-31,2,0,0,2,4,0,0,4,NUSA TENGGARA BARAT
953,2020-04-01,0,0,0,0,4,0,0,4,NUSA TENGGARA BARAT
954,2020-04-02,0,0,0,0,4,0,0,4,NUSA TENGGARA BARAT
955,2020-04-03,0,0,0,0,4,0,0,4,NUSA TENGGARA BARAT
956,2020-04-04,0,0,0,0,4,0,0,4,NUSA TENGGARA BARAT
957,2020-04-05,3,0,0,3,7,0,0,7,NUSA TENGGARA BARAT
958,2020-04-06,0,0,0,0,7,0,0,7,NUSA TENGGARA BARAT
959,2020-04-07,0,0,0,0,7,0,0,7,NUSA TENGGARA BARAT
960,2020-04-08,5,0,2,3,12,2,0,10,NUSA TENGGARA BARAT
961,2020-04-09,9,0,0,9,21,2,0,19,NUSA TENGGARA BARAT
962,2020-04-10,2,2,0,0,23,2,2,19,NUSA TENGGARA BARAT
963,2020-04-11,9,0,0,9,32,2,2,28,NUSA TENGGARA BARAT
964,2020-04-12,3,0,0,3,35,2,2,31,NUSA TENGGARA BARAT
965,2020-04-13,0,0,0,0,35,2,2,31,NUSA TENGGARA BARAT
966,2020-04-14,0,0,0,0,35,2,2,31,NUSA TENGGARA BARAT
967,2020-04-15,8,0,0,8,43,2,2,39,NUSA TENGGARA BARAT
968,2020-04-16,6,0,0,6,49,2,2,45,NUSA TENGGARA BARAT
969,2020-04-17,4,0,0,4,53,2,2,49,NUSA TENGGARA BARAT
970,2020-04-18,6,1,9,-4,59,11,3,45,NUSA TENGGARA BARAT
971,2020-04-19,11,1,0,10,70,11,4,55,NUSA TENGGARA BARAT
972,2020-04-20,21,0,0,21,91,11,4,76,NUSA TENGGARA BARAT
973,2020-04-21,15,0,0,15,106,11,4,91,NUSA TENGGARA BARAT
974,2020-04-22,7,0,2,5,113,13,4,96,NUSA TENGGARA BARAT
975,2020-04-23,38,0,2,36,151,15,4,132,NUSA TENGGARA BARAT
976,2020-04-24,27,0,5,22,178,20,4,154,NUSA TENGGARA BARAT
977,2020-04-25,15,0,0,15,193,20,4,169,NUSA TENGGARA BARAT
978,2020-04-26,11,0,2,9,204,22,4,178,NUSA TENGGARA BARAT
979,2020-04-27,15,0,2,13,219,24,4,191,NUSA TENGGARA BARAT
980,2020-04-28,9,0,7,2,228,31,4,193,NUSA TENGGARA BARAT
981,2020-04-29,0,0,0,0,228,31,4,193,NUSA TENGGARA BARAT
982,2020-04-30,3,0,0,3,231,31,4,196,NUSA TENGGARA BARAT
983,2020-05-01,17,0,1,16,248,32,4,212,NUSA TENGGARA BARAT
984,2020-05-02,18,0,4,14,266,36,4,226,NUSA TENGGARA BARAT
985,2020-05-03,0,0,0,0,266,36,4,226,NUSA TENGGARA BARAT
986,2020-05-04,16,0,10,6,282,46,4,232,NUSA TENGGARA BARAT
987,2020-05-05,5,1,7,-3,287,53,5,229,NUSA TENGGARA BARAT
988,2020-05-06,11,0,4,7,298,57,5,236,NUSA TENGGARA BARAT
989,2020-05-07,12,0,23,-11,310,80,5,225,NUSA TENGGARA BARAT
990,2020-05-08,18,1,7,10,328,87,6,235,NUSA TENGGARA BARAT
991,2020-05-09,0,0,5,-5,328,92,6,230,NUSA TENGGARA BARAT
992,2020-05-10,1,0,13,-12,329,105,6,218,NUSA TENGGARA BARAT
993,2020-05-11,8,0,0,8,337,105,6,226,NUSA TENGGARA BARAT
994,2020-05-12,5,1,9,-5,342,114,7,221,NUSA TENGGARA BARAT
995,2020-05-13,6,0,24,-18,348,138,7,203,NUSA TENGGARA BARAT
996,2020-05-14,8,0,50,-42,356,188,7,161,NUSA TENGGARA BARAT
997,2020-05-15,7,0,0,7,363,188,7,168,NUSA TENGGARA BARAT
998,2020-05-16,6,0,12,-6,369,200,7,162,NUSA TENGGARA BARAT
999,2020-05-17,4,0,13,-9,373,213,7,153,NUSA TENGGARA BARAT
1000,2020-05-18,0,0,0,0,373,213,7,153,NUSA TENGGARA BARAT
1001,2020-05-19,18,0,0,18,391,213,7,171,NUSA TENGGARA BARAT
1002,2020-05-20,17,0,4,13,408,217,7,184,NUSA TENGGARA BARAT
1003,2020-05-21,54,0,3,51,462,220,7,235,NUSA TENGGARA BARAT
1004,2020-05-22,10,1,7,2,472,227,8,237,NUSA TENGGARA BARAT
1005,2020-05-23,4,0,0,4,476,227,8,241,NUSA TENGGARA BARAT
1006,2020-05-24,0,0,31,-31,476,258,8,210,NUSA TENGGARA BARAT
1007,2020-05-25,10,0,0,10,486,258,8,220,NUSA TENGGARA BARAT
1008,2020-05-26,49,1,14,34,535,272,9,254,NUSA TENGGARA BARAT
1009,2020-05-27,25,1,1,23,560,273,10,277,NUSA TENGGARA BARAT
1010,2020-05-28,28,0,3,25,588,276,10,302,NUSA TENGGARA BARAT
1011,2020-05-29,4,0,3,1,592,279,10,303,NUSA TENGGARA BARAT
1012,2020-05-30,42,0,12,30,634,291,10,333,NUSA TENGGARA BARAT
1013,2020-05-31,16,0,1,15,650,292,10,348,NUSA TENGGARA BARAT
1014,2020-06-01,18,2,0,16,668,292,12,364,NUSA TENGGARA BARAT
1015,2020-06-02,15,1,5,9,683,297,13,373,NUSA TENGGARA BARAT
1016,2020-06-03,20,4,2,14,703,299,17,387,NUSA TENGGARA BARAT
1017,2020-06-04,52,3,0,49,755,299,20,436,NUSA TENGGARA BARAT
1018,2020-06-05,41,1,12,28,796,311,21,464,NUSA TENGGARA BARAT
1019,2020-06-06,10,0,14,-4,806,325,21,460,NUSA TENGGARA BARAT
1020,2020-06-07,14,1,0,13,820,325,22,473,NUSA TENGGARA BARAT
1021,2020-06-08,8,3,0,5,828,325,25,478,NUSA TENGGARA BARAT
1022,2020-06-09,27,3,79,-55,855,404,28,423,NUSA TENGGARA BARAT
1023,2020-06-10,11,3,44,-36,866,448,31,387,NUSA TENGGARA BARAT
1024,2020-06-11,23,0,72,-49,889,520,31,338,NUSA TENGGARA BARAT
1025,2020-06-12,13,2,21,-10,902,541,33,328,NUSA TENGGARA BARAT
1026,2020-06-13,11,0,36,-25,913,577,33,303,NUSA TENGGARA BARAT
1027,2020-06-14,22,2,31,-11,935,608,35,292,NUSA TENGGARA BARAT
1028,2020-06-15,20,0,15,5,955,623,35,297,NUSA TENGGARA BARAT
1029,2020-06-16,21,6,31,-16,976,654,41,281,NUSA TENGGARA BARAT
1030,2020-06-17,30,2,20,8,1006,674,43,289,NUSA TENGGARA BARAT
1031,2020-06-18,14,0,19,-5,1020,693,43,284,NUSA TENGGARA BARAT
1032,2020-06-19,29,1,34,-6,1049,727,44,278,NUSA TENGGARA BARAT
1033,2020-06-20,5,0,7,-2,1054,734,44,276,NUSA TENGGARA BARAT
1034,2020-06-21,11,1,13,-3,1065,747,45,273,NUSA TENGGARA BARAT
1035,2020-06-22,14,0,8,6,1079,755,45,279,NUSA TENGGARA BARAT
1036,2020-06-23,21,2,19,0,1100,774,47,279,NUSA TENGGARA BARAT
1037,2020-06-24,17,2,6,9,1117,780,49,288,NUSA TENGGARA BARAT
1038,2020-06-25,23,0,11,12,1140,791,49,300,NUSA TENGGARA BARAT
1039,2020-06-26,21,1,5,15,1161,796,50,315,NUSA TENGGARA BARAT
1040,2020-06-27,36,9,19,8,1197,815,59,323,NUSA TENGGARA BARAT
1041,2020-06-28,14,0,6,8,1211,821,59,331,NUSA TENGGARA BARAT
1042,2020-06-29,21,1,8,12,1232,829,60,343,NUSA TENGGARA BARAT
1043,2020-06-30,11,3,7,1,1243,836,63,344,NUSA TENGGARA BARAT
1044,2020-07-01,15,0,11,4,1258,847,63,348,NUSA TENGGARA BARAT
1045,2020-07-02,23,0,25,-2,1281,872,63,346,NUSA TENGGARA BARAT
1046,2020-07-03,28,1,6,21,1309,878,64,367,NUSA TENGGARA BARAT
1047,2020-07-04,18,0,9,9,1327,887,64,376,NUSA TENGGARA BARAT
1048,2020-07-05,32,0,7,25,1359,894,64,401,NUSA TENGGARA BARAT
1049,2020-07-06,30,1,8,21,1389,902,65,422,NUSA TENGGARA BARAT
1050,2020-07-07,23,6,23,-6,1412,925,71,416,NUSA TENGGARA BARAT
1051,2020-07-08,29,1,12,16,1441,937,72,432,NUSA TENGGARA BARAT
1052,2020-07-09,36,2,14,20,1477,951,74,452,NUSA TENGGARA BARAT
1053,2020-07-10,39,0,14,25,1516,965,74,477,NUSA TENGGARA BARAT
1054,2020-07-11,30,3,13,14,1546,978,77,491,NUSA TENGGARA BARAT
1055,2020-07-12,23,4,22,-3,1569,1000,81,488,NUSA TENGGARA BARAT
1056,2020-07-13,21,1,24,-4,1590,1024,82,484,NUSA TENGGARA BARAT
1057,2020-07-14,26,3,14,9,1616,1038,85,493,NUSA TENGGARA BARAT
1058,2020-07-15,30,0,27,3,1646,1065,85,496,NUSA TENGGARA BARAT
1059,2020-07-16,21,1,11,9,1667,1076,86,505,NUSA TENGGARA BARAT
1060,2020-07-17,25,3,13,9,1692,1089,89,514,NUSA TENGGARA BARAT
1061,2020-07-18,31,5,19,7,1723,1108,94,521,NUSA TENGGARA BARAT
1062,2020-07-19,34,2,0,32,1757,1108,96,553,NUSA TENGGARA BARAT
1063,2020-07-20,18,2,14,2,1775,1122,98,555,NUSA TENGGARA BARAT
1064,2020-07-21,12,0,9,3,1787,1131,98,558,NUSA TENGGARA BARAT
1065,2020-07-22,33,0,13,20,1820,1144,98,578,NUSA TENGGARA BARAT
1066,2020-07-23,28,5,16,7,1848,1160,103,585,NUSA TENGGARA BARAT
1067,2020-07-24,33,0,13,20,1881,1173,103,605,NUSA TENGGARA BARAT
1068,2020-07-25,20,1,22,-3,1901,1195,104,602,NUSA TENGGARA BARAT
1069,2020-07-26,23,3,21,-1,1924,1216,107,601,NUSA TENGGARA BARAT
1070,2020-07-27,20,1,6,13,1944,1222,108,614,NUSA TENGGARA BARAT
1071,2020-07-28,40,0,30,10,1984,1252,108,624,NUSA TENGGARA BARAT
1072,2020-07-29,36,0,12,24,2020,1264,108,648,NUSA TENGGARA BARAT
1073,2020-07-30,43,2,24,17,2063,1288,110,665,NUSA TENGGARA BARAT
1074,2020-07-31,0,0,0,0,2063,1288,110,665,NUSA TENGGARA BARAT
1075,2020-08-01,50,5,26,19,2113,1314,115,684,NUSA TENGGARA BARAT
1076,2020-08-02,35,2,9,24,2148,1323,117,708,NUSA TENGGARA BARAT
1077,2020-08-03,21,2,11,8,2169,1334,119,716,NUSA TENGGARA BARAT
1078,2020-08-04,26,2,29,-5,2195,1363,121,711,NUSA TENGGARA BARAT
1079,2020-08-05,27,1,15,11,2222,1378,122,722,NUSA TENGGARA BARAT
1080,2020-08-06,15,0,27,-12,2237,1405,122,710,NUSA TENGGARA BARAT
1081,2020-08-07,24,1,8,15,2261,1413,123,725,NUSA TENGGARA BARAT
1082,2020-08-08,27,0,14,13,2288,1427,123,738,NUSA TENGGARA BARAT
1083,2020-08-09,26,2,10,14,2314,1437,125,752,NUSA TENGGARA BARAT
1084,2020-08-10,22,3,55,-36,2336,1492,128,716,NUSA TENGGARA BARAT
1085,2020-08-11,24,1,53,-30,2360,1545,129,686,NUSA TENGGARA BARAT
1086,2020-08-12,13,0,48,-35,2373,1593,129,651,NUSA TENGGARA BARAT
1087,2020-08-13,24,0,18,6,2397,1611,129,657,NUSA TENGGARA BARAT
1088,2020-08-14,22,2,15,5,2419,1626,131,662,NUSA TENGGARA BARAT
1089,2020-03-28,1,0,0,1,1,0,0,1,BALI
1090,2020-03-29,9,0,0,9,10,0,0,10,BALI
1091,2020-03-30,0,0,3,-3,10,3,0,7,BALI
1092,2020-03-31,6,0,2,4,16,5,0,11,BALI
1093,2020-04-01,0,0,0,0,16,5,0,11,BALI
1094,2020-04-02,3,0,0,3,19,5,0,14,BALI
1095,2020-04-03,5,0,0,5,24,5,0,19,BALI
1096,2020-04-04,3,0,8,-5,27,13,0,14,BALI
1097,2020-04-05,7,0,0,7,34,13,0,21,BALI
1098,2020-04-06,0,0,0,0,34,13,0,21,BALI
1099,2020-04-07,6,0,0,6,40,13,0,27,BALI
1100,2020-04-08,14,0,0,14,54,13,0,41,BALI
1101,2020-04-09,12,0,1,11,66,14,0,52,BALI
1102,2020-04-10,4,0,0,4,70,14,0,56,BALI
1103,2020-04-11,2,0,0,2,72,14,0,58,BALI
1104,2020-04-12,5,0,1,4,77,15,0,62,BALI
1105,2020-04-13,6,0,1,5,83,16,0,67,BALI
1106,2020-04-14,6,0,0,6,89,16,0,73,BALI
1107,2020-04-15,15,0,9,6,104,25,0,79,BALI
1108,2020-04-16,11,0,5,6,115,30,0,85,BALI
1109,2020-04-17,7,0,0,7,122,30,0,92,BALI
1110,2020-04-18,4,1,2,1,126,32,1,93,BALI
1111,2020-04-19,5,0,4,1,131,36,1,94,BALI
1112,2020-04-20,10,0,0,10,141,36,1,104,BALI
1113,2020-04-21,2,1,5,-4,143,41,2,100,BALI
1114,2020-04-22,15,0,8,7,158,49,2,107,BALI
1115,2020-04-23,10,0,2,8,168,51,2,115,BALI
1116,2020-04-24,6,0,13,-7,174,64,2,108,BALI
1117,2020-04-25,3,0,5,-2,177,69,2,106,BALI
1118,2020-04-26,7,0,6,1,184,75,2,107,BALI
1119,2020-04-27,22,0,7,15,206,82,2,122,BALI
1120,2020-04-28,0,0,8,-8,206,90,2,114,BALI
1121,2020-04-29,7,0,17,-10,213,107,2,104,BALI
1122,2020-04-30,13,0,8,5,226,115,2,109,BALI
1123,2020-05-01,2,0,8,-6,228,123,2,103,BALI
1124,2020-05-02,25,0,22,3,253,145,2,106,BALI
1125,2020-05-03,9,0,8,1,262,153,2,107,BALI
1126,2020-05-04,6,0,1,5,268,154,2,112,BALI
1127,2020-05-05,0,0,6,-6,268,160,2,106,BALI
1128,2020-05-06,10,0,17,-7,278,177,2,99,BALI
1129,2020-05-07,13,0,12,1,291,189,2,100,BALI
1130,2020-05-08,6,0,2,4,297,191,2,104,BALI
1131,2020-05-09,5,0,7,-2,302,198,2,102,BALI
1132,2020-05-10,3,0,6,-3,305,204,2,99,BALI
1133,2020-05-11,14,0,5,9,319,209,2,108,BALI
1134,2020-05-12,4,0,5,-1,323,214,2,107,BALI
1135,2020-05-13,5,0,3,2,328,217,2,109,BALI
1136,2020-05-14,6,0,9,-3,334,226,2,106,BALI
1137,2020-05-15,3,0,11,-8,337,237,2,98,BALI
1138,2020-05-16,2,0,6,-4,339,243,2,94,BALI
1139,2020-05-17,11,0,7,4,350,250,2,98,BALI
1140,2020-05-18,4,0,10,-6,354,260,2,92,BALI
1141,2020-05-19,8,0,9,-1,362,269,2,91,BALI
1142,2020-05-20,3,0,4,-1,365,273,2,90,BALI
1143,2020-05-21,6,0,4,2,371,277,2,92,BALI
1144,2020-05-22,8,0,3,5,379,280,2,97,BALI
1145,2020-05-23,6,0,6,0,385,286,2,97,BALI
1146,2020-05-24,2,0,2,0,387,288,2,97,BALI
1147,2020-05-25,11,0,0,11,398,288,2,108,BALI
1148,2020-05-26,8,0,7,1,406,295,2,109,BALI
1149,2020-05-27,5,0,12,-7,411,307,2,102,BALI
1150,2020-05-28,23,0,6,17,434,313,2,119,BALI
1151,2020-05-29,12,0,8,4,446,321,2,123,BALI
1152,2020-05-30,10,0,1,9,456,322,2,132,BALI
1153,2020-05-31,17,1,5,11,473,327,3,143,BALI
1154,2020-06-01,5,0,0,5,478,327,3,148,BALI
1155,2020-06-02,3,0,15,-12,481,342,3,136,BALI
1156,2020-06-03,20,0,15,5,501,357,3,141,BALI
1157,2020-06-04,14,0,5,9,515,362,3,150,BALI
1158,2020-06-05,33,0,2,31,548,364,3,181,BALI
1159,2020-06-06,25,0,2,23,573,366,3,204,BALI
1160,2020-06-07,12,0,4,8,585,370,3,212,BALI
1161,2020-06-08,14,0,32,-18,599,402,3,194,BALI
1162,2020-06-09,32,0,3,29,631,405,3,223,BALI
1163,2020-06-10,19,0,12,7,650,417,3,230,BALI
1164,2020-06-11,36,0,24,12,686,441,3,242,BALI
1165,2020-06-12,28,1,14,13,714,455,4,255,BALI
1166,2020-06-13,18,0,12,6,732,467,4,261,BALI
1167,2020-06-14,19,0,28,-9,751,495,4,252,BALI
1168,2020-06-15,22,0,8,14,773,503,4,266,BALI
1169,2020-06-16,47,0,32,15,820,535,4,281,BALI
1170,2020-06-17,65,0,11,54,885,546,4,335,BALI
1171,2020-06-18,81,0,13,68,966,559,4,403,BALI
1172,2020-06-19,35,1,23,11,1001,582,5,414,BALI
1173,2020-06-20,35,2,17,16,1036,599,7,430,BALI
1174,2020-06-21,31,0,12,19,1067,611,7,449,BALI
1175,2020-06-22,35,0,24,11,1102,635,7,460,BALI
1176,2020-06-23,43,0,7,36,1145,642,7,496,BALI
1177,2020-06-24,56,2,11,43,1201,653,9,539,BALI
1178,2020-06-25,49,0,73,-24,1250,726,9,515,BALI
1179,2020-06-26,107,0,21,86,1357,747,9,601,BALI
1180,2020-06-27,45,2,20,23,1402,767,11,624,BALI
1181,2020-06-28,28,0,12,16,1430,779,11,640,BALI
1182,2020-06-29,49,1,15,33,1479,794,12,673,BALI
1183,2020-06-30,32,1,61,-30,1511,855,13,643,BALI
1184,2020-07-01,114,1,15,98,1625,870,14,741,BALI
1185,2020-07-02,66,0,38,28,1691,908,14,769,BALI
1186,2020-07-03,92,2,24,66,1783,932,16,835,BALI
1187,2020-07-04,52,2,30,20,1835,962,18,855,BALI
1188,2020-07-05,50,3,7,40,1885,969,21,895,BALI
1189,2020-07-06,39,2,60,-23,1924,1029,23,872,BALI
1190,2020-07-07,30,0,45,-15,1954,1074,23,857,BALI
1191,2020-07-08,53,1,92,-40,2007,1166,24,817,BALI
1192,2020-07-09,86,0,31,55,2093,1197,24,872,BALI
1193,2020-07-10,35,1,151,-117,2128,1348,25,755,BALI
1194,2020-07-11,45,0,58,-13,2173,1406,25,742,BALI
1195,2020-07-12,63,0,97,-34,2236,1503,25,708,BALI
1196,2020-07-13,101,0,64,37,2337,1567,25,745,BALI
1197,2020-07-14,64,2,41,21,2401,1608,27,766,BALI
1198,2020-07-15,112,3,105,4,2513,1713,30,770,BALI
1199,2020-07-16,85,3,88,-6,2598,1801,33,764,BALI
1200,2020-07-17,71,1,66,4,2669,1867,34,768,BALI
1201,2020-07-18,54,4,115,-65,2723,1982,38,703,BALI
1202,2020-07-19,36,4,67,-35,2759,2049,42,668,BALI
1203,2020-07-20,88,2,54,32,2847,2103,44,700,BALI
1204,2020-07-21,77,0,68,9,2924,2171,44,709,BALI
1205,2020-07-22,62,2,74,-14,2986,2245,46,695,BALI
1206,2020-07-23,62,0,70,-8,3048,2315,46,687,BALI
1207,2020-07-24,56,0,86,-30,3104,2401,46,657,BALI
1208,2020-07-25,43,0,81,-38,3147,2482,46,619,BALI
1209,2020-07-26,63,0,81,-18,3210,2563,46,601,BALI
1210,2020-07-27,30,0,57,-27,3240,2620,46,574,BALI
1211,2020-07-28,61,0,84,-23,3301,2704,46,551,BALI
1212,2020-07-29,50,0,77,-27,3351,2781,46,524,BALI
1213,2020-07-30,47,0,88,-41,3398,2869,46,483,BALI
1214,2020-07-31,41,0,48,-7,3439,2917,46,476,BALI
1215,2020-08-01,40,0,47,-7,3479,2964,46,469,BALI
1216,2020-08-02,41,0,55,-14,3520,3019,46,455,BALI
1217,2020-08-03,49,0,59,-10,3569,3078,46,445,BALI
1218,2020-08-04,39,0,45,-6,3608,3123,46,439,BALI
1219,2020-08-05,27,0,38,-11,3635,3161,46,428,BALI
1220,2020-08-06,38,1,40,-3,3673,3201,47,425,BALI
1221,2020-08-07,38,0,32,6,3711,3233,47,431,BALI
1222,2020-08-08,59,0,29,30,3770,3262,47,461,BALI
1223,2020-08-09,38,0,39,-1,3808,3301,47,460,BALI
1224,2020-08-10,45,0,48,-3,3853,3349,47,457,BALI
1225,2020-08-11,30,0,32,-2,3883,3381,47,455,BALI
1226,2020-08-12,35,0,37,-2,3918,3418,47,453,BALI
1227,2020-08-13,53,0,59,-6,3971,3477,47,447,BALI
1228,2020-08-14,44,0,42,2,4015,3519,47,449,BALI
1229,2020-03-21,2,0,0,2,2,0,0,2,PAPUA
1230,2020-03-22,0,0,0,0,2,0,0,2,PAPUA
1231,2020-03-23,0,0,0,0,2,0,0,2,PAPUA
1232,2020-03-24,0,0,0,0,2,0,0,2,PAPUA
1233,2020-03-25,4,0,0,4,6,0,0,6,PAPUA
1234,2020-03-26,0,0,0,0,6,0,0,6,PAPUA
1235,2020-03-27,0,0,0,0,6,0,0,6,PAPUA
1236,2020-03-28,2,0,0,2,8,0,0,8,PAPUA
1237,2020-03-29,0,0,0,0,8,0,0,8,PAPUA
1238,2020-03-30,1,0,1,0,9,1,0,8,PAPUA
1239,2020-03-31,0,0,1,-1,9,2,0,7,PAPUA
1240,2020-04-01,0,0,1,-1,9,3,0,6,PAPUA
1241,2020-04-02,6,1,0,5,15,3,1,11,PAPUA
1242,2020-04-03,2,0,1,1,17,4,1,12,PAPUA
1243,2020-04-04,8,0,0,8,25,4,1,20,PAPUA
1244,2020-04-05,0,1,0,-1,25,4,2,19,PAPUA
1245,2020-04-06,0,1,0,-1,25,4,3,18,PAPUA
1246,2020-04-07,11,0,0,11,36,4,3,29,PAPUA
1247,2020-04-08,0,0,0,0,36,4,3,29,PAPUA
1248,2020-04-09,0,1,1,-2,36,5,4,27,PAPUA
1249,2020-04-10,24,0,2,22,60,7,4,49,PAPUA
1250,2020-04-11,1,0,2,-1,61,9,4,48,PAPUA
1251,2020-04-12,6,0,0,6,67,9,4,54,PAPUA
1252,2020-04-13,0,0,0,0,67,9,4,54,PAPUA
1253,2020-04-14,7,0,0,7,74,9,4,61,PAPUA
1254,2020-04-15,5,2,5,-2,79,14,6,59,PAPUA
1255,2020-04-16,9,0,0,9,88,14,6,68,PAPUA
1256,2020-04-17,6,0,0,6,94,14,6,74,PAPUA
1257,2020-04-18,12,0,0,12,106,14,6,86,PAPUA
1258,2020-04-19,0,0,14,-14,106,28,6,72,PAPUA
1259,2020-04-20,11,0,4,7,117,32,6,79,PAPUA
1260,2020-04-21,5,0,0,5,122,32,6,84,PAPUA
1261,2020-04-22,7,0,0,7,129,32,6,91,PAPUA
1262,2020-04-23,6,0,0,6,135,32,6,97,PAPUA
1263,2020-04-24,0,0,0,0,135,32,6,97,PAPUA
1264,2020-04-25,5,0,0,5,140,32,6,102,PAPUA
1265,2020-04-26,10,0,0,10,150,32,6,112,PAPUA
1266,2020-04-27,26,0,15,11,176,47,6,123,PAPUA
1267,2020-04-28,12,0,0,12,188,47,6,135,PAPUA
1268,2020-04-29,16,0,0,16,204,47,6,151,PAPUA
1269,2020-04-30,5,0,1,4,209,48,6,155,PAPUA
1270,2020-05-01,29,0,0,29,238,48,6,184,PAPUA
1271,2020-05-02,0,0,0,0,238,48,6,184,PAPUA
1272,2020-05-03,0,0,0,0,238,48,6,184,PAPUA
1273,2020-05-04,6,0,0,6,244,48,6,190,PAPUA
1274,2020-05-05,1,0,0,1,245,48,6,191,PAPUA
1275,2020-05-06,4,0,0,4,249,48,6,195,PAPUA
1276,2020-05-07,13,0,0,13,262,48,6,208,PAPUA
1277,2020-05-08,12,0,0,12,274,48,6,220,PAPUA
1278,2020-05-09,30,0,0,30,304,48,6,250,PAPUA
1279,2020-05-10,0,0,0,0,304,48,6,250,PAPUA
1280,2020-05-11,16,0,0,16,320,48,6,266,PAPUA
1281,2020-05-12,5,0,0,5,325,48,6,271,PAPUA
1282,2020-05-13,4,0,0,4,329,48,6,275,PAPUA
1283,2020-05-14,3,0,0,3,332,48,6,278,PAPUA
1284,2020-05-15,15,0,0,15,347,48,6,293,PAPUA
1285,2020-05-16,33,0,0,33,380,48,6,326,PAPUA
1286,2020-05-17,0,0,0,0,380,48,6,326,PAPUA
1287,2020-05-18,6,0,0,6,386,48,6,332,PAPUA
1288,2020-05-19,20,0,0,20,406,48,6,352,PAPUA
1289,2020-05-20,1,0,0,1,407,48,6,353,PAPUA
1290,2020-05-21,27,0,0,27,434,48,6,380,PAPUA
1291,2020-05-22,56,0,0,56,490,48,6,436,PAPUA
1292,2020-05-23,62,0,0,62,552,48,6,498,PAPUA
1293,2020-05-24,9,0,20,-11,561,68,6,487,PAPUA
1294,2020-05-25,0,0,0,0,561,68,6,487,PAPUA
1295,2020-05-26,14,0,0,14,575,68,6,501,PAPUA
1296,2020-05-27,4,0,0,4,579,68,6,505,PAPUA
1297,2020-05-28,56,0,0,56,635,68,6,561,PAPUA
1298,2020-05-29,18,0,0,18,653,68,6,579,PAPUA
1299,2020-05-30,17,0,0,17,670,68,6,596,PAPUA
1300,2020-05-31,41,0,0,41,711,68,6,637,PAPUA
1301,2020-06-01,99,1,10,88,810,78,7,725,PAPUA
1302,2020-06-02,46,0,0,46,856,78,7,771,PAPUA
1303,2020-06-03,17,0,0,17,873,78,7,788,PAPUA
1304,2020-06-04,42,0,0,42,915,78,7,830,PAPUA
1305,2020-06-05,86,0,0,86,1001,78,7,916,PAPUA
1306,2020-06-06,54,0,0,54,1055,78,7,970,PAPUA
1307,2020-06-07,22,0,0,22,1077,78,7,992,PAPUA
1308,2020-06-08,16,0,0,16,1093,78,7,1008,PAPUA
1309,2020-06-09,28,0,0,28,1121,78,7,1036,PAPUA
1310,2020-06-10,19,0,0,19,1140,78,7,1055,PAPUA
1311,2020-06-11,31,0,0,31,1171,78,7,1086,PAPUA
1312,2020-06-12,42,0,0,42,1213,78,7,1128,PAPUA
1313,2020-06-13,12,0,50,-38,1225,128,7,1090,PAPUA
1314,2020-06-14,0,0,63,-63,1225,191,7,1027,PAPUA
1315,2020-06-15,29,0,103,-74,1254,294,7,953,PAPUA
1316,2020-06-16,29,0,3,26,1283,297,7,979,PAPUA
1317,2020-06-17,38,0,0,38,1321,297,7,1017,PAPUA
1318,2020-06-18,18,0,0,18,1339,297,7,1035,PAPUA
1319,2020-06-19,12,0,0,12,1351,297,7,1047,PAPUA
1320,2020-06-20,49,0,0,49,1400,297,7,1096,PAPUA
1321,2020-06-21,11,0,0,11,1411,297,7,1107,PAPUA
1322,2020-06-22,49,0,0,49,1460,297,7,1156,PAPUA
1323,2020-06-23,55,0,0,55,1515,297,7,1211,PAPUA
1324,2020-06-24,56,0,0,56,1571,297,7,1267,PAPUA
1325,2020-06-25,17,0,0,17,1588,297,7,1284,PAPUA
1326,2020-06-26,35,0,0,35,1623,297,7,1319,PAPUA
1327,2020-06-27,25,0,335,-310,1648,632,7,1009,PAPUA
1328,2020-06-28,2,0,105,-103,1650,737,7,906,PAPUA
1329,2020-06-29,62,8,119,-65,1712,856,15,841,PAPUA
1330,2020-06-30,94,0,14,80,1806,870,15,921,PAPUA
1331,2020-07-01,70,1,0,69,1876,870,16,990,PAPUA
1332,2020-07-02,23,0,10,13,1899,880,16,1003,PAPUA
1333,2020-07-03,38,0,0,38,1937,880,16,1041,PAPUA
1334,2020-07-04,36,0,0,36,1973,880,16,1077,PAPUA
1335,2020-07-05,7,2,48,-43,1980,928,18,1034,PAPUA
1336,2020-07-06,30,1,35,-6,2010,963,19,1028,PAPUA
1337,2020-07-07,18,1,23,-6,2028,986,20,1022,PAPUA
1338,2020-07-08,28,0,57,-29,2056,1043,20,993,PAPUA
1339,2020-07-09,85,0,16,69,2141,1059,20,1062,PAPUA
1340,2020-07-10,28,0,19,9,2169,1078,20,1071,PAPUA
1341,2020-07-11,67,2,7,58,2236,1085,22,1129,PAPUA
1342,2020-07-12,101,0,9,92,2337,1094,22,1221,PAPUA
1343,2020-07-13,1,0,2,-1,2338,1096,22,1220,PAPUA
1344,2020-07-14,68,3,59,6,2406,1155,25,1226,PAPUA
1345,2020-07-15,55,1,9,45,2461,1164,26,1271,PAPUA
1346,2020-07-16,21,0,35,-14,2482,1199,26,1257,PAPUA
1347,2020-07-17,58,0,11,47,2540,1210,26,1304,PAPUA
1348,2020-07-18,50,1,13,36,2590,1223,27,1340,PAPUA
1349,2020-07-19,41,0,10,31,2631,1233,27,1371,PAPUA
1350,2020-07-20,9,3,7,-1,2640,1240,30,1370,PAPUA
1351,2020-07-21,32,0,13,19,2672,1253,30,1389,PAPUA
1352,2020-07-22,46,0,4,42,2718,1257,30,1431,PAPUA
1353,2020-07-23,68,0,2,66,2786,1259,30,1497,PAPUA
1354,2020-07-24,42,2,52,-12,2828,1311,32,1485,PAPUA
1355,2020-07-25,57,0,8,49,2885,1319,32,1534,PAPUA
1356,2020-07-26,56,0,16,40,2941,1335,32,1574,PAPUA
1357,2020-07-27,19,0,9,10,2960,1344,32,1584,PAPUA
1358,2020-07-28,27,0,17,10,2987,1361,32,1594,PAPUA
1359,2020-07-29,33,0,14,19,3020,1375,32,1613,PAPUA
1360,2020-07-30,38,0,0,38,3058,1375,32,1651,PAPUA
1361,2020-07-31,28,0,0,28,3086,1375,32,1679,PAPUA
1362,2020-08-01,27,1,22,4,3113,1397,33,1683,PAPUA
1363,2020-08-02,0,0,0,0,3113,1397,33,1683,PAPUA
1364,2020-08-03,50,0,47,3,3163,1444,33,1686,PAPUA
1365,2020-08-04,11,0,27,-16,3174,1471,33,1670,PAPUA
1366,2020-08-05,17,1,49,-33,3191,1520,34,1637,PAPUA
1367,2020-08-06,22,0,223,-201,3213,1743,34,1436,PAPUA
1368,2020-08-07,0,1,0,-1,3213,1743,35,1435,PAPUA
1369,2020-08-08,43,0,105,-62,3256,1848,35,1373,PAPUA
1370,2020-08-09,21,0,30,-9,3277,1878,35,1364,PAPUA
1371,2020-08-10,1,0,56,-55,3278,1934,35,1309,PAPUA
1372,2020-08-11,26,0,15,11,3304,1949,35,1320,PAPUA
1373,2020-08-12,31,0,9,22,3335,1958,35,1342,PAPUA
1374,2020-08-13,9,0,3,6,3344,1961,35,1348,PAPUA
1375,2020-03-29,5,0,0,5,5,0,0,5,KALIMANTAN SELATAN
1376,2020-03-30,2,0,0,2,7,0,0,7,KALIMANTAN SELATAN
1377,2020-03-31,0,0,0,0,7,0,0,7,KALIMANTAN SELATAN
1378,2020-04-01,0,0,0,0,7,0,0,7,KALIMANTAN SELATAN
1379,2020-04-02,0,0,0,0,7,0,0,7,KALIMANTAN SELATAN
1380,2020-04-03,0,0,0,0,7,0,0,7,KALIMANTAN SELATAN
1381,2020-04-04,8,1,0,7,15,0,1,14,KALIMANTAN SELATAN
1382,2020-04-05,2,0,0,2,17,0,1,16,KALIMANTAN SELATAN
1383,2020-04-06,0,2,0,-2,17,0,3,14,KALIMANTAN SELATAN
1384,2020-04-07,4,0,1,3,21,1,3,17,KALIMANTAN SELATAN
1385,2020-04-08,0,1,2,-3,21,3,4,14,KALIMANTAN SELATAN
1386,2020-04-09,7,0,0,7,28,3,4,21,KALIMANTAN SELATAN
1387,2020-04-10,0,1,0,-1,28,3,5,20,KALIMANTAN SELATAN
1388,2020-04-11,5,0,0,5,33,3,5,25,KALIMANTAN SELATAN
1389,2020-04-12,0,0,1,-1,33,4,5,24,KALIMANTAN SELATAN
1390,2020-04-13,3,2,0,1,36,4,7,25,KALIMANTAN SELATAN
1391,2020-04-14,12,0,1,11,48,5,7,36,KALIMANTAN SELATAN
1392,2020-04-15,9,0,4,5,57,9,7,41,KALIMANTAN SELATAN
1393,2020-04-16,15,0,0,15,72,9,7,56,KALIMANTAN SELATAN
1394,2020-04-17,18,0,1,17,90,10,7,73,KALIMANTAN SELATAN
1395,2020-04-18,4,0,0,4,94,10,7,77,KALIMANTAN SELATAN
1396,2020-04-19,0,0,0,0,94,10,7,77,KALIMANTAN SELATAN
1397,2020-04-20,2,0,1,1,96,11,7,78,KALIMANTAN SELATAN
1398,2020-04-21,10,0,0,10,106,11,7,88,KALIMANTAN SELATAN
1399,2020-04-22,7,1,0,6,113,11,8,94,KALIMANTAN SELATAN
1400,2020-04-23,18,0,0,18,131,11,8,112,KALIMANTAN SELATAN
1401,2020-04-24,14,0,4,10,145,15,8,122,KALIMANTAN SELATAN
1402,2020-04-25,0,0,1,-1,145,16,8,121,KALIMANTAN SELATAN
1403,2020-04-26,4,0,0,4,149,16,8,125,KALIMANTAN SELATAN
1404,2020-04-27,0,1,4,-5,149,20,9,120,KALIMANTAN SELATAN
1405,2020-04-28,7,0,0,7,156,20,9,127,KALIMANTAN SELATAN
1406,2020-04-29,13,0,0,13,169,20,9,140,KALIMANTAN SELATAN
1407,2020-04-30,9,0,4,5,178,24,9,145,KALIMANTAN SELATAN
1408,2020-05-01,0,0,0,0,178,24,9,145,KALIMANTAN SELATAN
1409,2020-05-02,16,0,0,16,194,24,9,161,KALIMANTAN SELATAN
1410,2020-05-03,3,0,0,3,197,24,9,164,KALIMANTAN SELATAN
1411,2020-05-04,14,0,0,14,211,24,9,178,KALIMANTAN SELATAN
1412,2020-05-05,13,0,0,13,224,24,9,191,KALIMANTAN SELATAN
1413,2020-05-06,13,0,0,13,237,24,9,204,KALIMANTAN SELATAN
1414,2020-05-07,8,0,0,8,245,24,9,212,KALIMANTAN SELATAN
1415,2020-05-08,7,0,0,7,252,24,9,219,KALIMANTAN SELATAN
1416,2020-05-09,7,0,0,7,259,24,9,226,KALIMANTAN SELATAN
1417,2020-05-10,0,0,0,0,259,24,9,226,KALIMANTAN SELATAN
1418,2020-05-11,14,0,0,14,273,24,9,240,KALIMANTAN SELATAN
1419,2020-05-12,13,0,0,13,286,24,9,253,KALIMANTAN SELATAN
1420,2020-05-13,2,0,0,2,288,24,9,255,KALIMANTAN SELATAN
1421,2020-05-14,67,27,0,40,355,24,36,295,KALIMANTAN SELATAN
1422,2020-05-15,7,0,50,-43,362,74,36,252,KALIMANTAN SELATAN
1423,2020-05-16,2,8,0,-6,364,74,44,246,KALIMANTAN SELATAN
1424,2020-05-17,71,2,0,69,435,74,46,315,KALIMANTAN SELATAN
1425,2020-05-18,46,5,3,38,481,77,51,353,KALIMANTAN SELATAN
1426,2020-05-19,59,4,0,55,540,77,55,408,KALIMANTAN SELATAN
1427,2020-05-20,8,4,1,3,548,78,59,411,KALIMANTAN SELATAN
1428,2020-05-21,21,1,0,20,569,78,60,431,KALIMANTAN SELATAN
1429,2020-05-22,18,2,0,16,587,78,62,447,KALIMANTAN SELATAN
1430,2020-05-23,9,2,3,4,596,81,64,451,KALIMANTAN SELATAN
1431,2020-05-24,3,2,0,1,599,81,66,452,KALIMANTAN SELATAN
1432,2020-05-25,28,8,0,20,627,81,74,472,KALIMANTAN SELATAN
1433,2020-05-26,73,0,0,73,700,81,74,545,KALIMANTAN SELATAN
1434,2020-05-27,114,1,2,111,814,83,75,656,KALIMANTAN SELATAN
1435,2020-05-28,73,5,15,53,887,98,80,709,KALIMANTAN SELATAN
1436,2020-05-29,3,0,2,1,890,100,80,710,KALIMANTAN SELATAN
1437,2020-05-30,26,6,0,20,916,100,86,730,KALIMANTAN SELATAN
1438,2020-05-31,29,1,0,28,945,100,87,758,KALIMANTAN SELATAN
1439,2020-06-01,21,3,2,16,966,102,90,774,KALIMANTAN SELATAN
1440,2020-06-02,64,3,0,61,1030,102,93,835,KALIMANTAN SELATAN
1441,2020-06-03,109,0,3,106,1139,105,93,941,KALIMANTAN SELATAN
1442,2020-06-04,71,2,0,69,1210,105,95,1010,KALIMANTAN SELATAN
1443,2020-06-05,33,2,4,27,1243,109,97,1037,KALIMANTAN SELATAN
1444,2020-06-06,38,3,0,35,1281,109,100,1072,KALIMANTAN SELATAN
1445,2020-06-07,62,0,9,53,1343,118,100,1125,KALIMANTAN SELATAN
1446,2020-06-08,91,8,1,82,1434,119,108,1207,KALIMANTAN SELATAN
1447,2020-06-09,127,4,10,113,1561,129,112,1320,KALIMANTAN SELATAN
1448,2020-06-10,70,4,36,30,1631,165,116,1350,KALIMANTAN SELATAN
1449,2020-06-11,60,3,15,42,1691,180,119,1392,KALIMANTAN SELATAN
1450,2020-06-12,123,6,22,95,1814,202,125,1487,KALIMANTAN SELATAN
1451,2020-06-13,70,6,29,35,1884,231,131,1522,KALIMANTAN SELATAN
1452,2020-06-14,66,4,16,46,1950,247,135,1568,KALIMANTAN SELATAN
1453,2020-06-15,169,6,6,157,2119,253,141,1725,KALIMANTAN SELATAN
1454,2020-06-16,87,9,79,-1,2206,332,150,1724,KALIMANTAN SELATAN
1455,2020-06-17,118,2,14,102,2324,346,152,1826,KALIMANTAN SELATAN
1456,2020-06-18,66,3,14,49,2390,360,155,1875,KALIMANTAN SELATAN
1457,2020-06-19,84,10,25,49,2474,385,165,1924,KALIMANTAN SELATAN
1458,2020-06-20,94,2,10,82,2568,395,167,2006,KALIMANTAN SELATAN
1459,2020-06-21,89,0,10,79,2657,405,167,2085,KALIMANTAN SELATAN
1460,2020-06-22,27,1,28,-2,2684,433,168,2083,KALIMANTAN SELATAN
1461,2020-06-23,90,7,15,68,2774,448,175,2151,KALIMANTAN SELATAN
1462,2020-06-24,59,3,87,-31,2833,535,178,2120,KALIMANTAN SELATAN
1463,2020-06-25,41,0,15,26,2874,550,178,2146,KALIMANTAN SELATAN
1464,2020-06-26,54,4,94,-44,2928,644,182,2102,KALIMANTAN SELATAN
1465,2020-06-27,73,4,80,-11,3001,724,186,2091,KALIMANTAN SELATAN
1466,2020-06-28,38,3,5,30,3039,729,189,2121,KALIMANTAN SELATAN
1467,2020-06-29,108,1,38,69,3147,767,190,2190,KALIMANTAN SELATAN
1468,2020-06-30,75,0,23,52,3222,790,190,2242,KALIMANTAN SELATAN
1469,2020-07-01,113,5,51,57,3335,841,195,2299,KALIMANTAN SELATAN
1470,2020-07-02,110,3,28,79,3445,869,198,2378,KALIMANTAN SELATAN
1471,2020-07-03,73,2,42,29,3518,911,200,2407,KALIMANTAN SELATAN
1472,2020-07-04,44,2,32,10,3562,943,202,2417,KALIMANTAN SELATAN
1473,2020-07-05,64,3,15,46,3626,958,205,2463,KALIMANTAN SELATAN
1474,2020-07-06,67,1,107,-41,3693,1065,206,2422,KALIMANTAN SELATAN
1475,2020-07-07,123,3,62,58,3816,1127,209,2480,KALIMANTAN SELATAN
1476,2020-07-08,106,2,22,82,3922,1149,211,2562,KALIMANTAN SELATAN
1477,2020-07-09,66,0,55,11,3988,1204,211,2573,KALIMANTAN SELATAN
1478,2020-07-10,79,5,75,-1,4067,1279,216,2572,KALIMANTAN SELATAN
1479,2020-07-11,77,5,107,-35,4144,1386,221,2537,KALIMANTAN SELATAN
1480,2020-07-12,73,3,24,46,4217,1410,224,2583,KALIMANTAN SELATAN
1481,2020-07-13,161,2,54,105,4378,1464,226,2688,KALIMANTAN SELATAN
1482,2020-07-14,109,8,41,60,4487,1505,234,2748,KALIMANTAN SELATAN
1483,2020-07-15,133,2,66,65,4620,1571,236,2813,KALIMANTAN SELATAN
1484,2020-07-16,101,7,42,52,4721,1613,243,2865,KALIMANTAN SELATAN
1485,2020-07-17,107,3,88,16,4828,1701,246,2881,KALIMANTAN SELATAN
1486,2020-07-18,110,5,30,75,4938,1731,251,2956,KALIMANTAN SELATAN
1487,2020-07-19,52,6,99,-53,4990,1830,257,2903,KALIMANTAN SELATAN
1488,2020-07-20,92,5,191,-104,5082,2021,262,2799,KALIMANTAN SELATAN
1489,2020-07-21,133,1,134,-2,5215,2155,263,2797,KALIMANTAN SELATAN
1490,2020-07-22,116,0,115,1,5331,2270,263,2798,KALIMANTAN SELATAN
1491,2020-07-23,90,3,270,-183,5421,2540,266,2615,KALIMANTAN SELATAN
1492,2020-07-24,118,5,178,-65,5539,2718,271,2550,KALIMANTAN SELATAN
1493,2020-07-25,115,2,131,-18,5654,2849,273,2532,KALIMANTAN SELATAN
1494,2020-07-26,33,3,67,-37,5687,2916,276,2495,KALIMANTAN SELATAN
1495,2020-07-27,94,4,157,-67,5781,3073,280,2428,KALIMANTAN SELATAN
1496,2020-07-28,101,8,71,22,5882,3144,288,2450,KALIMANTAN SELATAN
1497,2020-07-29,87,1,155,-69,5969,3299,289,2381,KALIMANTAN SELATAN
1498,2020-07-30,128,6,68,54,6097,3367,295,2435,KALIMANTAN SELATAN
1499,2020-07-31,62,0,82,-20,6159,3449,295,2415,KALIMANTAN SELATAN
1500,2020-08-01,32,0,18,14,6191,3467,295,2429,KALIMANTAN SELATAN
1501,2020-08-02,46,2,92,-48,6237,3559,297,2381,KALIMANTAN SELATAN
1502,2020-08-03,119,1,50,68,6356,3609,298,2449,KALIMANTAN SELATAN
1503,2020-08-04,54,0,96,-42,6410,3705,298,2407,KALIMANTAN SELATAN
1504,2020-08-05,67,0,25,42,6477,3730,298,2449,KALIMANTAN SELATAN
1505,2020-08-06,57,3,121,-67,6534,3851,301,2382,KALIMANTAN SELATAN
1506,2020-08-07,82,2,42,38,6616,3893,303,2420,KALIMANTAN SELATAN
1507,2020-08-08,98,3,133,-38,6714,4026,306,2382,KALIMANTAN SELATAN
1508,2020-08-09,50,1,28,21,6764,4054,307,2403,KALIMANTAN SELATAN
1509,2020-08-10,71,1,82,-12,6835,4136,308,2391,KALIMANTAN SELATAN
1510,2020-08-11,53,2,86,-35,6888,4222,310,2356,KALIMANTAN SELATAN
1511,2020-08-12,45,4,26,15,6933,4248,314,2371,KALIMANTAN SELATAN
1512,2020-08-13,55,2,57,-4,6988,4305,316,2367,KALIMANTAN SELATAN
1513,2020-08-14,62,3,36,23,7050,4341,319,2390,KALIMANTAN SELATAN
1514,2020-03-25,3,0,0,3,3,0,0,3,SUMATERA BARAT
1515,2020-03-26,2,0,0,2,5,0,0,5,SUMATERA BARAT
1516,2020-03-27,0,0,0,0,5,0,0,5,SUMATERA BARAT
1517,2020-03-28,0,0,0,0,5,0,0,5,SUMATERA BARAT
1518,2020-03-29,3,0,0,3,8,0,0,8,SUMATERA BARAT
1519,2020-03-30,0,0,0,0,8,0,0,8,SUMATERA BARAT
1520,2020-03-31,0,0,0,0,8,0,0,8,SUMATERA BARAT
1521,2020-04-01,0,0,0,0,8,0,0,8,SUMATERA BARAT
1522,2020-04-02,0,0,0,0,8,0,0,8,SUMATERA BARAT
1523,2020-04-03,0,0,0,0,8,0,0,8,SUMATERA BARAT
1524,2020-04-04,0,0,0,0,8,0,0,8,SUMATERA BARAT
1525,2020-04-05,10,0,0,10,18,0,0,18,SUMATERA BARAT
1526,2020-04-06,0,0,0,0,18,0,0,18,SUMATERA BARAT
1527,2020-04-07,0,0,0,0,18,0,0,18,SUMATERA BARAT
1528,2020-04-08,0,0,0,0,18,0,0,18,SUMATERA BARAT
1529,2020-04-09,13,3,5,5,31,5,3,23,SUMATERA BARAT
1530,2020-04-10,0,0,0,0,31,5,3,23,SUMATERA BARAT
1531,2020-04-11,13,0,1,12,44,6,3,35,SUMATERA BARAT
1532,2020-04-12,1,0,0,1,45,6,3,36,SUMATERA BARAT
1533,2020-04-13,3,1,0,2,48,6,4,38,SUMATERA BARAT
1534,2020-04-14,7,0,1,6,55,7,4,44,SUMATERA BARAT
1535,2020-04-15,0,0,0,0,55,7,4,44,SUMATERA BARAT
1536,2020-04-16,7,2,3,2,62,10,6,46,SUMATERA BARAT
1537,2020-04-17,9,1,2,6,71,12,7,52,SUMATERA BARAT
1538,2020-04-18,1,0,0,1,72,12,7,53,SUMATERA BARAT
1539,2020-04-19,2,0,1,1,74,13,7,54,SUMATERA BARAT
1540,2020-04-20,2,1,0,1,76,13,8,55,SUMATERA BARAT
1541,2020-04-21,5,1,0,4,81,13,9,59,SUMATERA BARAT
1542,2020-04-22,5,0,3,2,86,16,9,61,SUMATERA BARAT
1543,2020-04-23,10,1,1,8,96,17,10,69,SUMATERA BARAT
1544,2020-04-24,1,1,4,-4,97,21,11,65,SUMATERA BARAT
1545,2020-04-25,5,0,0,5,102,21,11,70,SUMATERA BARAT
1546,2020-04-26,19,3,4,12,121,25,14,82,SUMATERA BARAT
1547,2020-04-27,23,0,0,23,144,25,14,105,SUMATERA BARAT
1548,2020-04-28,1,1,0,0,145,25,15,105,SUMATERA BARAT
1549,2020-04-29,3,0,1,2,148,26,15,107,SUMATERA BARAT
1550,2020-04-30,24,0,5,19,172,31,15,126,SUMATERA BARAT
1551,2020-05-01,10,1,0,9,182,31,16,135,SUMATERA BARAT
1552,2020-05-02,13,0,5,8,195,36,16,143,SUMATERA BARAT
1553,2020-05-03,8,0,2,6,203,38,16,149,SUMATERA BARAT
1554,2020-05-04,18,0,1,17,221,39,16,166,SUMATERA BARAT
1555,2020-05-05,17,1,0,16,238,39,17,182,SUMATERA BARAT
1556,2020-05-06,14,1,3,10,252,42,18,192,SUMATERA BARAT
1557,2020-05-07,18,0,7,11,270,49,18,203,SUMATERA BARAT
1558,2020-05-08,16,0,6,10,286,55,18,213,SUMATERA BARAT
1559,2020-05-09,13,0,2,11,299,57,18,224,SUMATERA BARAT
1560,2020-05-10,0,0,11,-11,299,68,18,213,SUMATERA BARAT
1561,2020-05-11,20,1,3,16,319,71,19,229,SUMATERA BARAT
1562,2020-05-12,20,1,13,6,339,84,20,235,SUMATERA BARAT
1563,2020-05-13,32,2,3,27,371,87,22,262,SUMATERA BARAT
1564,2020-05-14,22,0,3,19,393,90,22,281,SUMATERA BARAT
1565,2020-05-15,3,1,3,-1,396,93,23,280,SUMATERA BARAT
1566,2020-05-16,12,0,3,9,408,96,23,289,SUMATERA BARAT
1567,2020-05-17,1,0,12,-11,409,108,23,278,SUMATERA BARAT
1568,2020-05-18,11,0,10,1,420,118,23,279,SUMATERA BARAT
1569,2020-05-19,8,1,28,-21,428,146,24,258,SUMATERA BARAT
1570,2020-05-20,8,0,7,1,436,153,24,259,SUMATERA BARAT
1571,2020-05-21,2,0,5,-3,438,158,24,256,SUMATERA BARAT
1572,2020-05-22,5,1,18,-14,443,176,25,242,SUMATERA BARAT
1573,2020-05-23,35,0,5,30,478,181,25,272,SUMATERA BARAT
1574,2020-05-24,0,0,5,-5,478,186,25,267,SUMATERA BARAT
1575,2020-05-25,32,0,22,10,510,208,25,277,SUMATERA BARAT
1576,2020-05-26,27,1,28,-2,537,236,26,275,SUMATERA BARAT
1577,2020-05-27,4,0,8,-4,541,244,26,271,SUMATERA BARAT
1578,2020-05-28,0,0,6,-6,541,250,26,265,SUMATERA BARAT
1579,2020-05-29,11,0,6,5,552,256,26,270,SUMATERA BARAT
1580,2020-05-30,15,0,9,6,567,265,26,276,SUMATERA BARAT
1581,2020-05-31,0,0,2,-2,567,267,26,274,SUMATERA BARAT
1582,2020-06-01,7,0,5,2,574,272,26,276,SUMATERA BARAT
1583,2020-06-02,9,0,5,4,583,277,26,280,SUMATERA BARAT
1584,2020-06-03,11,0,35,-24,594,312,26,256,SUMATERA BARAT
1585,2020-06-04,13,1,21,-9,607,333,27,247,SUMATERA BARAT
1586,2020-06-05,11,0,3,8,618,336,27,255,SUMATERA BARAT
1587,2020-06-06,8,0,4,4,626,340,27,259,SUMATERA BARAT
1588,2020-06-07,0,0,11,-11,626,351,27,248,SUMATERA BARAT
1589,2020-06-08,19,2,10,7,645,361,29,255,SUMATERA BARAT
1590,2020-06-09,14,0,28,-14,659,389,29,241,SUMATERA BARAT
1591,2020-06-10,2,0,3,-1,661,392,29,240,SUMATERA BARAT
1592,2020-06-11,10,0,15,-5,671,407,29,235,SUMATERA BARAT
1593,2020-06-12,3,0,4,-1,674,411,29,234,SUMATERA BARAT
1594,2020-06-13,7,1,12,-6,681,423,30,228,SUMATERA BARAT
1595,2020-06-14,0,0,0,0,681,423,30,228,SUMATERA BARAT
1596,2020-06-15,6,0,36,-30,687,459,30,198,SUMATERA BARAT
1597,2020-06-16,4,0,6,-2,691,465,30,196,SUMATERA BARAT
1598,2020-06-17,5,0,17,-12,696,482,30,184,SUMATERA BARAT
1599,2020-06-18,4,0,11,-7,700,493,30,177,SUMATERA BARAT
1600,2020-06-19,3,0,4,-1,703,497,30,176,SUMATERA BARAT
1601,2020-06-20,4,0,6,-2,707,503,30,174,SUMATERA BARAT
1602,2020-06-21,0,0,2,-2,707,505,30,172,SUMATERA BARAT
1603,2020-06-22,5,0,19,-14,712,524,30,158,SUMATERA BARAT
1604,2020-06-23,3,0,15,-12,715,539,30,146,SUMATERA BARAT
1605,2020-06-24,2,0,22,-20,717,561,30,126,SUMATERA BARAT
1606,2020-06-25,3,1,10,-8,720,571,31,118,SUMATERA BARAT
1607,2020-06-26,2,0,10,-8,722,581,31,110,SUMATERA BARAT
1608,2020-06-27,3,0,6,-3,725,587,31,107,SUMATERA BARAT
1609,2020-06-28,0,0,1,-1,725,588,31,106,SUMATERA BARAT
1610,2020-06-29,1,0,12,-11,726,600,31,95,SUMATERA BARAT
1611,2020-06-30,16,0,7,9,742,607,31,104,SUMATERA BARAT
1612,2020-07-01,8,0,11,-3,750,618,31,101,SUMATERA BARAT
1613,2020-07-02,10,0,4,6,760,622,31,107,SUMATERA BARAT
1614,2020-07-03,2,0,2,0,762,624,31,107,SUMATERA BARAT
1615,2020-07-04,13,0,1,12,775,625,31,119,SUMATERA BARAT
1616,2020-07-05,0,0,2,-2,775,627,31,117,SUMATERA BARAT
1617,2020-07-06,5,0,10,-5,780,637,31,112,SUMATERA BARAT
1618,2020-07-07,0,1,10,-11,780,647,32,101,SUMATERA BARAT
1619,2020-07-08,5,0,8,-3,785,655,32,98,SUMATERA BARAT
1620,2020-07-09,6,0,6,0,791,661,32,98,SUMATERA BARAT
1621,2020-07-10,3,0,5,-2,794,666,32,96,SUMATERA BARAT
1622,2020-07-11,6,0,5,1,800,671,32,97,SUMATERA BARAT
1623,2020-07-12,0,0,0,0,800,671,32,97,SUMATERA BARAT
1624,2020-07-13,3,0,11,-8,803,682,32,89,SUMATERA BARAT
1625,2020-07-14,2,0,5,-3,805,687,32,86,SUMATERA BARAT
1626,2020-07-15,1,0,3,-2,806,690,32,84,SUMATERA BARAT
1627,2020-07-16,7,0,2,5,813,692,32,89,SUMATERA BARAT
1628,2020-07-17,4,0,4,0,817,696,32,89,SUMATERA BARAT
1629,2020-07-18,9,1,4,4,826,700,33,93,SUMATERA BARAT
1630,2020-07-19,2,0,0,2,828,700,33,95,SUMATERA BARAT
1631,2020-07-20,8,0,7,1,836,707,33,96,SUMATERA BARAT
1632,2020-07-21,10,0,1,9,846,708,33,105,SUMATERA BARAT
1633,2020-07-22,3,0,3,0,849,711,33,105,SUMATERA BARAT
1634,2020-07-23,3,0,6,-3,852,717,33,102,SUMATERA BARAT
1635,2020-07-24,12,0,13,-1,864,730,33,101,SUMATERA BARAT
1636,2020-07-25,5,0,6,-1,869,736,33,100,SUMATERA BARAT
1637,2020-07-26,0,0,3,-3,869,739,33,97,SUMATERA BARAT
1638,2020-07-27,5,0,4,1,874,743,33,98,SUMATERA BARAT
1639,2020-07-28,17,0,7,10,891,750,33,108,SUMATERA BARAT
1640,2020-07-29,16,0,8,8,907,758,33,116,SUMATERA BARAT
1641,2020-07-30,41,1,2,38,948,760,34,154,SUMATERA BARAT
1642,2020-07-31,0,0,0,0,948,760,34,154,SUMATERA BARAT
1643,2020-08-01,9,0,8,1,957,768,34,155,SUMATERA BARAT
1644,2020-08-02,17,0,2,15,974,770,34,170,SUMATERA BARAT
1645,2020-08-03,13,0,3,10,987,773,34,180,SUMATERA BARAT
1646,2020-08-04,19,0,3,16,1006,776,34,196,SUMATERA BARAT
1647,2020-08-05,32,0,11,21,1038,787,34,217,SUMATERA BARAT
1648,2020-08-06,41,0,10,31,1079,797,34,248,SUMATERA BARAT
1649,2020-08-07,23,0,5,18,1102,802,34,266,SUMATERA BARAT
1650,2020-08-08,38,0,3,35,1140,805,34,301,SUMATERA BARAT
1651,2020-08-09,36,0,9,27,1176,814,34,328,SUMATERA BARAT
1652,2020-08-10,13,0,9,4,1189,823,34,332,SUMATERA BARAT
1653,2020-08-11,27,2,11,14,1216,834,36,346,SUMATERA BARAT
1654,2020-08-12,42,1,20,21,1258,854,37,367,SUMATERA BARAT
1655,2020-08-13,42,1,15,26,1300,869,38,393,SUMATERA BARAT
1656,2020-08-14,37,0,19,18,1337,888,38,411,SUMATERA BARAT
1657,2020-03-27,1,0,0,1,1,0,0,1,SUMATERA SELATAN
1658,2020-03-28,0,0,0,0,1,0,0,1,SUMATERA SELATAN
1659,2020-03-29,0,0,0,0,1,0,0,1,SUMATERA SELATAN
1660,2020-03-30,3,0,0,3,4,0,0,4,SUMATERA SELATAN
1661,2020-03-31,0,0,0,0,4,0,0,4,SUMATERA SELATAN
1662,2020-04-01,6,0,0,6,10,0,0,10,SUMATERA SELATAN
1663,2020-04-02,1,0,0,1,11,0,0,11,SUMATERA SELATAN
1664,2020-04-03,0,0,1,-1,11,1,0,10,SUMATERA SELATAN
1665,2020-04-04,4,0,0,4,15,1,0,14,SUMATERA SELATAN
1666,2020-04-05,0,0,0,0,15,1,0,14,SUMATERA SELATAN
1667,2020-04-06,0,0,0,0,15,1,0,14,SUMATERA SELATAN
1668,2020-04-07,0,0,0,0,15,1,0,14,SUMATERA SELATAN
1669,2020-04-08,1,0,0,1,16,1,0,15,SUMATERA SELATAN
1670,2020-04-09,1,0,0,1,17,1,0,16,SUMATERA SELATAN
1671,2020-04-10,0,0,0,0,17,1,0,16,SUMATERA SELATAN
1672,2020-04-11,0,0,2,-2,17,3,0,14,SUMATERA SELATAN
1673,2020-04-12,0,0,0,0,17,3,0,14,SUMATERA SELATAN
1674,2020-04-13,1,0,0,1,18,3,0,15,SUMATERA SELATAN
1675,2020-04-14,3,0,0,3,21,3,0,18,SUMATERA SELATAN
1676,2020-04-15,18,0,0,18,39,3,0,36,SUMATERA SELATAN
1677,2020-04-16,14,0,0,14,53,3,0,50,SUMATERA SELATAN
1678,2020-04-17,30,1,0,29,83,3,1,79,SUMATERA SELATAN
1679,2020-04-18,5,0,0,5,88,3,1,84,SUMATERA SELATAN
1680,2020-04-19,0,0,0,0,88,3,1,84,SUMATERA SELATAN
1681,2020-04-20,0,0,0,0,88,3,1,84,SUMATERA SELATAN
1682,2020-04-21,0,0,0,0,88,3,1,84,SUMATERA SELATAN
1683,2020-04-22,4,0,1,3,92,4,1,87,SUMATERA SELATAN
1684,2020-04-23,13,0,2,11,105,6,1,98,SUMATERA SELATAN
1685,2020-04-24,13,0,10,3,118,16,1,101,SUMATERA SELATAN
1686,2020-04-25,10,0,0,10,128,16,1,111,SUMATERA SELATAN
1687,2020-04-26,0,0,4,-4,128,20,1,107,SUMATERA SELATAN
1688,2020-04-27,14,0,3,11,142,23,1,118,SUMATERA SELATAN
1689,2020-04-28,1,0,0,1,143,23,1,119,SUMATERA SELATAN
1690,2020-04-29,6,0,0,6,149,23,1,125,SUMATERA SELATAN
1691,2020-04-30,6,0,5,1,155,28,1,126,SUMATERA SELATAN
1692,2020-05-01,0,2,0,-2,155,28,3,124,SUMATERA SELATAN
1693,2020-05-02,28,0,7,21,183,35,3,145,SUMATERA SELATAN
1694,2020-05-03,0,1,7,-8,183,42,4,137,SUMATERA SELATAN
1695,2020-05-04,15,0,4,11,198,46,4,148,SUMATERA SELATAN
1696,2020-05-05,11,1,0,10,209,46,5,158,SUMATERA SELATAN
1697,2020-05-06,17,2,2,13,226,48,7,171,SUMATERA SELATAN
1698,2020-05-07,0,1,0,-1,226,48,8,170,SUMATERA SELATAN
1699,2020-05-08,51,0,6,45,277,54,8,215,SUMATERA SELATAN
1700,2020-05-09,0,3,9,-12,277,63,11,203,SUMATERA SELATAN
1701,2020-05-10,0,0,0,0,277,63,11,203,SUMATERA SELATAN
1702,2020-05-11,1,1,9,-9,278,72,12,194,SUMATERA SELATAN
1703,2020-05-12,43,2,0,41,321,72,14,235,SUMATERA SELATAN
1704,2020-05-13,117,1,0,116,438,72,15,351,SUMATERA SELATAN
1705,2020-05-14,16,1,0,15,454,72,16,366,SUMATERA SELATAN
1706,2020-05-15,0,0,0,0,454,72,16,366,SUMATERA SELATAN
1707,2020-05-16,66,3,0,63,520,72,19,429,SUMATERA SELATAN
1708,2020-05-17,16,2,4,10,536,76,21,439,SUMATERA SELATAN
1709,2020-05-18,57,0,0,57,593,76,21,496,SUMATERA SELATAN
1710,2020-05-19,50,2,1,47,643,77,23,543,SUMATERA SELATAN
1711,2020-05-20,28,1,17,10,671,94,24,553,SUMATERA SELATAN
1712,2020-05-21,19,1,5,13,690,99,25,566,SUMATERA SELATAN
1713,2020-05-22,32,3,2,27,722,101,28,593,SUMATERA SELATAN
1714,2020-05-23,11,0,10,1,733,111,28,594,SUMATERA SELATAN
1715,2020-05-24,72,0,2,70,805,113,28,664,SUMATERA SELATAN
1716,2020-05-25,58,0,0,58,863,113,28,722,SUMATERA SELATAN
1717,2020-05-26,48,1,8,39,911,121,29,761,SUMATERA SELATAN
1718,2020-05-27,27,0,14,13,938,135,29,774,SUMATERA SELATAN
1719,2020-05-28,12,1,0,11,950,135,30,785,SUMATERA SELATAN
1720,2020-05-29,11,4,66,-59,961,201,34,726,SUMATERA SELATAN
1721,2020-05-30,19,0,11,8,980,212,34,734,SUMATERA SELATAN
1722,2020-05-31,12,0,9,3,992,221,34,737,SUMATERA SELATAN
1723,2020-06-01,26,0,2,24,1018,223,34,761,SUMATERA SELATAN
1724,2020-06-02,10,0,22,-12,1028,245,34,749,SUMATERA SELATAN
1725,2020-06-03,27,3,17,7,1055,262,37,756,SUMATERA SELATAN
1726,2020-06-04,17,3,19,-5,1072,281,40,751,SUMATERA SELATAN
1727,2020-06-05,28,1,14,13,1100,295,41,764,SUMATERA SELATAN
1728,2020-06-06,25,0,48,-23,1125,343,41,741,SUMATERA SELATAN
1729,2020-06-07,27,0,47,-20,1152,390,41,721,SUMATERA SELATAN
1730,2020-06-08,30,1,11,18,1182,401,42,739,SUMATERA SELATAN
1731,2020-06-09,40,3,48,-11,1222,449,45,728,SUMATERA SELATAN
1732,2020-06-10,39,0,63,-24,1261,512,45,704,SUMATERA SELATAN
1733,2020-06-11,34,5,31,-2,1295,543,50,702,SUMATERA SELATAN
1734,2020-06-12,23,2,14,7,1318,557,52,709,SUMATERA SELATAN
1735,2020-06-13,69,0,61,8,1387,618,52,717,SUMATERA SELATAN
1736,2020-06-14,49,2,31,16,1436,649,54,733,SUMATERA SELATAN
1737,2020-06-15,50,4,21,25,1486,670,58,758,SUMATERA SELATAN
1738,2020-06-16,53,3,11,39,1539,681,61,797,SUMATERA SELATAN
1739,2020-06-17,56,2,26,28,1595,707,63,825,SUMATERA SELATAN
1740,2020-06-18,74,1,31,42,1669,738,64,867,SUMATERA SELATAN
1741,2020-06-19,50,3,9,38,1719,747,67,905,SUMATERA SELATAN
1742,2020-06-20,57,4,4,49,1776,751,71,954,SUMATERA SELATAN
1743,2020-06-21,59,0,17,42,1835,768,71,996,SUMATERA SELATAN
1744,2020-06-22,17,2,47,-32,1852,815,73,964,SUMATERA SELATAN
1745,2020-06-23,13,3,14,-4,1865,829,76,960,SUMATERA SELATAN
1746,2020-06-24,26,2,76,-52,1891,905,78,908,SUMATERA SELATAN
1747,2020-06-25,14,1,15,-2,1905,920,79,906,SUMATERA SELATAN
1748,2020-06-26,42,0,16,26,1947,936,79,932,SUMATERA SELATAN
1749,2020-06-27,51,1,17,33,1998,953,80,965,SUMATERA SELATAN
1750,2020-06-28,23,8,66,-51,2021,1019,88,914,SUMATERA SELATAN
1751,2020-06-29,27,3,5,19,2048,1024,91,933,SUMATERA SELATAN
1752,2020-06-30,29,8,17,4,2077,1041,99,937,SUMATERA SELATAN
1753,2020-07-01,42,3,43,-4,2119,1084,102,933,SUMATERA SELATAN
1754,2020-07-02,36,0,24,12,2155,1108,102,945,SUMATERA SELATAN
1755,2020-07-03,49,1,11,37,2204,1119,103,982,SUMATERA SELATAN
1756,2020-07-04,50,1,40,9,2254,1159,104,991,SUMATERA SELATAN
1757,2020-07-05,71,6,22,43,2325,1181,110,1034,SUMATERA SELATAN
1758,2020-07-06,30,1,28,1,2355,1209,111,1035,SUMATERA SELATAN
1759,2020-07-07,63,0,10,53,2418,1219,111,1088,SUMATERA SELATAN
1760,2020-07-08,56,6,4,46,2474,1223,117,1134,SUMATERA SELATAN
1761,2020-07-09,93,2,15,76,2567,1238,119,1210,SUMATERA SELATAN
1762,2020-07-10,36,3,4,29,2603,1242,122,1239,SUMATERA SELATAN
1763,2020-07-11,49,1,34,14,2652,1276,123,1253,SUMATERA SELATAN
1764,2020-07-12,50,4,30,16,2702,1306,127,1269,SUMATERA SELATAN
1765,2020-07-13,51,4,19,28,2753,1325,131,1297,SUMATERA SELATAN
1766,2020-07-14,30,0,14,16,2783,1339,131,1313,SUMATERA SELATAN
1767,2020-07-15,45,3,21,21,2828,1360,134,1334,SUMATERA SELATAN
1768,2020-07-16,70,2,27,41,2898,1387,136,1375,SUMATERA SELATAN
1769,2020-07-17,67,1,4,62,2965,1391,137,1437,SUMATERA SELATAN
1770,2020-07-18,46,1,17,28,3011,1408,138,1465,SUMATERA SELATAN
1771,2020-07-19,42,2,1,39,3053,1409,140,1504,SUMATERA SELATAN
1772,2020-07-20,58,2,9,47,3111,1418,142,1551,SUMATERA SELATAN
1773,2020-07-21,37,0,53,-16,3148,1471,142,1535,SUMATERA SELATAN
1774,2020-07-22,16,5,54,-43,3164,1525,147,1492,SUMATERA SELATAN
1775,2020-07-23,46,0,55,-9,3210,1580,147,1483,SUMATERA SELATAN
1776,2020-07-24,17,4,29,-16,3227,1609,151,1467,SUMATERA SELATAN
1777,2020-07-25,23,1,35,-13,3250,1644,152,1454,SUMATERA SELATAN
1778,2020-07-26,24,1,35,-12,3274,1679,153,1442,SUMATERA SELATAN
1779,2020-07-27,21,0,14,7,3295,1693,153,1449,SUMATERA SELATAN
1780,2020-07-28,34,7,20,7,3329,1713,160,1456,SUMATERA SELATAN
1781,2020-07-29,57,0,42,15,3386,1755,160,1471,SUMATERA SELATAN
1782,2020-07-30,30,1,38,-9,3416,1793,161,1462,SUMATERA SELATAN
1783,2020-07-31,10,0,32,-22,3426,1825,161,1440,SUMATERA SELATAN
1784,2020-08-01,17,2,31,-16,3443,1856,163,1424,SUMATERA SELATAN
1785,2020-08-02,11,4,7,0,3454,1863,167,1424,SUMATERA SELATAN
1786,2020-08-03,35,0,26,9,3489,1889,167,1433,SUMATERA SELATAN
1787,2020-08-04,62,6,25,31,3551,1914,173,1464,SUMATERA SELATAN
1788,2020-08-05,50,4,94,-48,3601,2008,177,1416,SUMATERA SELATAN
1789,2020-08-06,21,4,90,-73,3622,2098,181,1343,SUMATERA SELATAN
1790,2020-08-07,52,2,71,-21,3674,2169,183,1322,SUMATERA SELATAN
1791,2020-08-08,19,11,64,-56,3693,2233,194,1266,SUMATERA SELATAN
1792,2020-08-09,19,3,78,-62,3712,2311,197,1204,SUMATERA SELATAN
1793,2020-08-10,22,2,59,-39,3734,2370,199,1165,SUMATERA SELATAN
1794,2020-08-11,43,2,1,40,3777,2371,201,1205,SUMATERA SELATAN
1795,2020-08-12,27,0,43,-16,3804,2414,201,1189,SUMATERA SELATAN
1796,2020-08-13,39,2,112,-75,3843,2526,203,1114,SUMATERA SELATAN
1797,2020-08-14,36,1,36,-1,3879,2562,204,1113,SUMATERA SELATAN
1798,2020-03-25,2,0,0,2,2,0,0,2,KALIMANTAN TENGAH
1799,2020-03-26,0,0,0,0,2,0,0,2,KALIMANTAN TENGAH
1800,2020-03-27,1,0,0,1,3,0,0,3,KALIMANTAN TENGAH
1801,2020-03-28,0,0,0,0,3,0,0,3,KALIMANTAN TENGAH
1802,2020-03-29,0,0,0,0,3,0,0,3,KALIMANTAN TENGAH
1803,2020-03-30,2,0,2,0,5,2,0,3,KALIMANTAN TENGAH
1804,2020-03-31,0,0,0,0,5,2,0,3,KALIMANTAN TENGAH
1805,2020-04-01,0,0,0,0,5,2,0,3,KALIMANTAN TENGAH
1806,2020-04-02,2,0,0,2,7,2,0,5,KALIMANTAN TENGAH
1807,2020-04-03,0,0,2,-2,7,4,0,3,KALIMANTAN TENGAH
1808,2020-04-04,0,0,0,0,7,4,0,3,KALIMANTAN TENGAH
1809,2020-04-05,9,0,0,9,16,4,0,12,KALIMANTAN TENGAH
1810,2020-04-06,0,0,2,-2,16,6,0,10,KALIMANTAN TENGAH
1811,2020-04-07,0,1,0,-1,16,6,1,9,KALIMANTAN TENGAH
1812,2020-04-08,0,0,0,0,16,6,1,9,KALIMANTAN TENGAH
1813,2020-04-09,4,0,1,3,20,7,1,12,KALIMANTAN TENGAH
1814,2020-04-10,0,0,0,0,20,7,1,12,KALIMANTAN TENGAH
1815,2020-04-11,0,0,0,0,20,7,1,12,KALIMANTAN TENGAH
1816,2020-04-12,1,0,1,0,21,8,1,12,KALIMANTAN TENGAH
1817,2020-04-13,0,1,0,-1,21,8,2,11,KALIMANTAN TENGAH
1818,2020-04-14,8,0,0,8,29,8,2,19,KALIMANTAN TENGAH
1819,2020-04-15,1,0,0,1,30,8,2,20,KALIMANTAN TENGAH
1820,2020-04-16,1,0,0,1,31,8,2,21,KALIMANTAN TENGAH
1821,2020-04-17,6,1,0,5,37,8,3,26,KALIMANTAN TENGAH
1822,2020-04-18,5,0,0,5,42,8,3,31,KALIMANTAN TENGAH
1823,2020-04-19,14,1,1,12,56,9,4,43,KALIMANTAN TENGAH
1824,2020-04-20,7,1,0,6,63,9,5,49,KALIMANTAN TENGAH
1825,2020-04-21,15,0,0,15,78,9,5,64,KALIMANTAN TENGAH
1826,2020-04-22,1,0,0,1,79,9,5,65,KALIMANTAN TENGAH
1827,2020-04-23,11,0,0,11,90,9,5,76,KALIMANTAN TENGAH
1828,2020-04-24,6,0,0,6,96,9,5,82,KALIMANTAN TENGAH
1829,2020-04-25,4,0,1,3,100,10,5,85,KALIMANTAN TENGAH
1830,2020-04-26,8,0,0,8,108,10,5,93,KALIMANTAN TENGAH
1831,2020-04-27,9,1,2,6,117,12,6,99,KALIMANTAN TENGAH
1832,2020-04-28,6,0,0,6,123,12,6,105,KALIMANTAN TENGAH
1833,2020-04-29,18,0,1,17,141,13,6,122,KALIMANTAN TENGAH
1834,2020-04-30,11,1,2,8,152,15,7,130,KALIMANTAN TENGAH
1835,2020-05-01,1,0,0,1,153,15,7,131,KALIMANTAN TENGAH
1836,2020-05-02,0,0,0,0,153,15,7,131,KALIMANTAN TENGAH
1837,2020-05-03,23,0,1,22,176,16,7,153,KALIMANTAN TENGAH
1838,2020-05-04,1,2,0,-1,177,16,9,152,KALIMANTAN TENGAH
1839,2020-05-05,5,0,13,-8,182,29,9,144,KALIMANTAN TENGAH
1840,2020-05-06,2,1,0,1,184,29,10,145,KALIMANTAN TENGAH
1841,2020-05-07,0,0,1,-1,184,30,10,144,KALIMANTAN TENGAH
1842,2020-05-08,1,0,0,1,185,30,10,145,KALIMANTAN TENGAH
1843,2020-05-09,4,0,0,4,189,30,10,149,KALIMANTAN TENGAH
1844,2020-05-10,7,0,0,7,196,30,10,156,KALIMANTAN TENGAH
1845,2020-05-11,4,0,1,3,200,31,10,159,KALIMANTAN TENGAH
1846,2020-05-12,16,0,1,15,216,32,10,174,KALIMANTAN TENGAH
1847,2020-05-13,3,0,10,-7,219,42,10,167,KALIMANTAN TENGAH
1848,2020-05-14,4,0,7,-3,223,49,10,164,KALIMANTAN TENGAH
1849,2020-05-15,0,0,0,0,223,49,10,164,KALIMANTAN TENGAH
1850,2020-05-16,0,0,0,0,223,49,10,164,KALIMANTAN TENGAH
1851,2020-05-17,0,0,0,0,223,49,10,164,KALIMANTAN TENGAH
1852,2020-05-18,5,0,0,5,228,49,10,169,KALIMANTAN TENGAH
1853,2020-05-19,9,0,18,-9,237,67,10,160,KALIMANTAN TENGAH
1854,2020-05-20,13,0,10,3,250,77,10,163,KALIMANTAN TENGAH
1855,2020-05-21,35,4,15,16,285,92,14,179,KALIMANTAN TENGAH
1856,2020-05-22,2,0,0,2,287,92,14,181,KALIMANTAN TENGAH
1857,2020-05-23,15,0,0,15,302,92,14,196,KALIMANTAN TENGAH
1858,2020-05-24,2,2,21,-21,304,113,16,175,KALIMANTAN TENGAH
1859,2020-05-25,12,0,0,12,316,113,16,187,KALIMANTAN TENGAH
1860,2020-05-26,8,0,0,8,324,113,16,195,KALIMANTAN TENGAH
1861,2020-05-27,6,0,0,6,330,113,16,201,KALIMANTAN TENGAH
1862,2020-05-28,29,0,7,22,359,120,16,223,KALIMANTAN TENGAH
1863,2020-05-29,31,2,6,23,390,126,18,246,KALIMANTAN TENGAH
1864,2020-05-30,12,0,0,12,402,126,18,258,KALIMANTAN TENGAH
1865,2020-05-31,9,0,1,8,411,127,18,266,KALIMANTAN TENGAH
1866,2020-06-01,9,1,17,-9,420,144,19,257,KALIMANTAN TENGAH
1867,2020-06-02,28,4,7,17,448,151,23,274,KALIMANTAN TENGAH
1868,2020-06-03,13,0,0,13,461,151,23,287,KALIMANTAN TENGAH
1869,2020-06-04,15,2,0,13,476,151,25,300,KALIMANTAN TENGAH
1870,2020-06-05,15,0,0,15,491,151,25,315,KALIMANTAN TENGAH
1871,2020-06-06,1,0,10,-9,492,161,25,306,KALIMANTAN TENGAH
1872,2020-06-07,8,2,2,4,500,163,27,310,KALIMANTAN TENGAH
1873,2020-06-08,18,0,0,18,518,163,27,328,KALIMANTAN TENGAH
1874,2020-06-09,15,1,11,3,533,174,28,331,KALIMANTAN TENGAH
1875,2020-06-10,15,0,0,15,548,174,28,346,KALIMANTAN TENGAH
1876,2020-06-11,13,0,4,9,561,178,28,355,KALIMANTAN TENGAH
1877,2020-06-12,21,1,1,19,582,179,29,374,KALIMANTAN TENGAH
1878,2020-06-13,0,3,17,-20,582,196,32,354,KALIMANTAN TENGAH
1879,2020-06-14,45,4,2,39,627,198,36,393,KALIMANTAN TENGAH
1880,2020-06-15,26,0,10,16,653,208,36,409,KALIMANTAN TENGAH
1881,2020-06-16,45,1,1,43,698,209,37,452,KALIMANTAN TENGAH
1882,2020-06-17,36,6,39,-9,734,248,43,443,KALIMANTAN TENGAH
1883,2020-06-18,0,0,0,0,734,248,43,443,KALIMANTAN TENGAH
1884,2020-06-19,26,2,10,14,760,258,45,457,KALIMANTAN TENGAH
1885,2020-06-20,0,0,0,0,760,258,45,457,KALIMANTAN TENGAH
1886,2020-06-21,21,3,7,11,781,265,48,468,KALIMANTAN TENGAH
1887,2020-06-22,11,1,7,3,792,272,49,471,KALIMANTAN TENGAH
1888,2020-06-23,4,0,0,4,796,272,49,475,KALIMANTAN TENGAH
1889,2020-06-24,10,0,0,10,806,272,49,485,KALIMANTAN TENGAH
1890,2020-06-25,7,2,29,-24,813,301,51,461,KALIMANTAN TENGAH
1891,2020-06-26,5,1,0,4,818,301,52,465,KALIMANTAN TENGAH
1892,2020-06-27,12,0,0,12,830,301,52,477,KALIMANTAN TENGAH
1893,2020-06-28,47,0,50,-3,877,351,52,474,KALIMANTAN TENGAH
1894,2020-06-29,13,2,1,10,890,352,54,484,KALIMANTAN TENGAH
1895,2020-06-30,37,0,0,37,927,352,54,521,KALIMANTAN TENGAH
1896,2020-07-01,15,0,0,15,942,352,54,536,KALIMANTAN TENGAH
1897,2020-07-02,50,4,45,1,992,397,58,537,KALIMANTAN TENGAH
1898,2020-07-03,8,2,26,-20,1000,423,60,517,KALIMANTAN TENGAH
1899,2020-07-04,28,0,4,24,1028,427,60,541,KALIMANTAN TENGAH
1900,2020-07-05,8,1,1,6,1036,428,61,547,KALIMANTAN TENGAH
1901,2020-07-06,18,0,19,-1,1054,447,61,546,KALIMANTAN TENGAH
1902,2020-07-07,15,0,6,9,1069,453,61,555,KALIMANTAN TENGAH
1903,2020-07-08,23,3,22,-2,1092,475,64,553,KALIMANTAN TENGAH
1904,2020-07-09,35,0,1,34,1127,476,64,587,KALIMANTAN TENGAH
1905,2020-07-10,26,1,28,-3,1153,504,65,584,KALIMANTAN TENGAH
1906,2020-07-11,39,5,12,22,1192,516,70,606,KALIMANTAN TENGAH
1907,2020-07-12,26,0,3,23,1218,519,70,629,KALIMANTAN TENGAH
1908,2020-07-13,32,1,42,-11,1250,561,71,618,KALIMANTAN TENGAH
1909,2020-07-14,0,0,21,-21,1250,582,71,597,KALIMANTAN TENGAH
1910,2020-07-15,12,1,33,-22,1262,615,72,575,KALIMANTAN TENGAH
1911,2020-07-16,58,2,30,26,1320,645,74,601,KALIMANTAN TENGAH
1912,2020-07-17,0,2,6,-8,1320,651,76,593,KALIMANTAN TENGAH
1913,2020-07-18,74,3,73,-2,1394,724,79,591,KALIMANTAN TENGAH
1914,2020-07-19,0,0,0,0,1394,724,79,591,KALIMANTAN TENGAH
1915,2020-07-20,14,0,30,-16,1408,754,79,575,KALIMANTAN TENGAH
1916,2020-07-21,36,1,151,-116,1444,905,80,459,KALIMANTAN TENGAH
1917,2020-07-22,27,0,25,2,1471,930,80,461,KALIMANTAN TENGAH
1918,2020-07-23,45,0,29,16,1516,959,80,477,KALIMANTAN TENGAH
1919,2020-07-24,67,6,68,-7,1583,1027,86,470,KALIMANTAN TENGAH
1920,2020-07-25,45,0,30,15,1628,1057,86,485,KALIMANTAN TENGAH
1921,2020-07-26,21,1,34,-14,1649,1091,87,471,KALIMANTAN TENGAH
1922,2020-07-27,24,0,24,0,1673,1115,87,471,KALIMANTAN TENGAH
1923,2020-07-28,0,0,1,-1,1673,1116,87,470,KALIMANTAN TENGAH
1924,2020-07-29,24,0,0,24,1697,1116,87,494,KALIMANTAN TENGAH
1925,2020-07-30,28,3,34,-9,1725,1150,90,485,KALIMANTAN TENGAH
1926,2020-07-31,31,0,17,14,1756,1167,90,499,KALIMANTAN TENGAH
1927,2020-08-01,17,0,12,5,1773,1179,90,504,KALIMANTAN TENGAH
1928,2020-08-02,14,0,30,-16,1787,1209,90,488,KALIMANTAN TENGAH
1929,2020-08-03,53,0,31,22,1840,1240,90,510,KALIMANTAN TENGAH
1930,2020-08-04,5,0,27,-22,1845,1267,90,488,KALIMANTAN TENGAH
1931,2020-08-05,25,4,7,14,1870,1274,94,502,KALIMANTAN TENGAH
1932,2020-08-06,37,1,25,11,1907,1299,95,513,KALIMANTAN TENGAH
1933,2020-08-07,66,0,40,26,1973,1339,95,539,KALIMANTAN TENGAH
1934,2020-08-08,30,0,37,-7,2003,1376,95,532,KALIMANTAN TENGAH
1935,2020-08-09,43,0,34,9,2046,1410,95,541,KALIMANTAN TENGAH
1936,2020-08-10,31,1,10,20,2077,1420,96,561,KALIMANTAN TENGAH
1937,2020-08-11,6,0,30,-24,2083,1450,96,537,KALIMANTAN TENGAH
1938,2020-08-12,44,2,70,-28,2127,1520,98,509,KALIMANTAN TENGAH
1939,2020-08-13,20,1,22,-3,2147,1542,99,506,KALIMANTAN TENGAH
1940,2020-08-14,37,0,30,7,2184,1572,99,513,KALIMANTAN TENGAH
1941,2020-03-13,3,0,0,3,3,0,0,3,KALIMANTAN TIMUR
1942,2020-03-14,2,0,0,2,5,0,0,5,KALIMANTAN TIMUR
1943,2020-03-15,1,0,0,1,6,0,0,6,KALIMANTAN TIMUR
1944,2020-03-16,1,0,0,1,7,0,0,7,KALIMANTAN TIMUR
1945,2020-03-17,0,0,0,0,7,0,0,7,KALIMANTAN TIMUR
1946,2020-03-18,0,0,0,0,7,0,0,7,KALIMANTAN TIMUR
1947,2020-03-19,0,0,0,0,7,0,0,7,KALIMANTAN TIMUR
1948,2020-03-20,0,0,0,0,7,0,0,7,KALIMANTAN TIMUR
1949,2020-03-21,0,0,0,0,7,0,0,7,KALIMANTAN TIMUR
1950,2020-03-22,1,0,0,1,8,0,0,8,KALIMANTAN TIMUR
1951,2020-03-23,0,0,0,0,8,0,0,8,KALIMANTAN TIMUR
1952,2020-03-24,0,0,0,0,8,0,0,8,KALIMANTAN TIMUR
1953,2020-03-25,0,0,0,0,8,0,0,8,KALIMANTAN TIMUR
1954,2020-03-26,0,0,0,0,8,0,0,8,KALIMANTAN TIMUR
1955,2020-03-27,5,0,0,5,13,0,0,13,KALIMANTAN TIMUR
1956,2020-03-28,0,0,0,0,13,0,0,13,KALIMANTAN TIMUR
1957,2020-03-29,0,0,0,0,13,0,0,13,KALIMANTAN TIMUR
1958,2020-03-30,3,1,0,2,16,0,1,15,KALIMANTAN TIMUR
1959,2020-03-31,1,0,0,1,17,0,1,16,KALIMANTAN TIMUR
1960,2020-04-01,0,0,0,0,17,0,1,16,KALIMANTAN TIMUR
1961,2020-04-02,1,0,0,1,18,0,1,17,KALIMANTAN TIMUR
1962,2020-04-03,2,0,1,1,20,1,1,18,KALIMANTAN TIMUR
1963,2020-04-04,1,0,0,1,21,1,1,19,KALIMANTAN TIMUR
1964,2020-04-05,6,0,0,6,27,1,1,25,KALIMANTAN TIMUR
1965,2020-04-06,0,0,0,0,27,1,1,25,KALIMANTAN TIMUR
1966,2020-04-07,1,0,0,1,28,1,1,26,KALIMANTAN TIMUR
1967,2020-04-08,0,0,5,-5,28,6,1,21,KALIMANTAN TIMUR
1968,2020-04-09,4,0,0,4,32,6,1,25,KALIMANTAN TIMUR
1969,2020-04-10,0,0,0,0,32,6,1,25,KALIMANTAN TIMUR
1970,2020-04-11,0,0,0,0,32,6,1,25,KALIMANTAN TIMUR
1971,2020-04-12,0,0,0,0,32,6,1,25,KALIMANTAN TIMUR
1972,2020-04-13,0,0,0,0,32,6,1,25,KALIMANTAN TIMUR
1973,2020-04-14,0,0,0,0,32,6,1,25,KALIMANTAN TIMUR
1974,2020-04-15,9,0,5,4,41,11,1,29,KALIMANTAN TIMUR
1975,2020-04-16,0,0,1,-1,41,12,1,28,KALIMANTAN TIMUR
1976,2020-04-17,10,0,0,10,51,12,1,38,KALIMANTAN TIMUR
1977,2020-04-18,5,0,0,5,56,12,1,43,KALIMANTAN TIMUR
1978,2020-04-19,4,0,0,4,60,12,1,47,KALIMANTAN TIMUR
1979,2020-04-20,5,0,0,5,65,12,1,52,KALIMANTAN TIMUR
1980,2020-04-21,1,0,0,1,66,12,1,53,KALIMANTAN TIMUR
1981,2020-04-22,5,0,0,5,71,12,1,58,KALIMANTAN TIMUR
1982,2020-04-23,11,0,2,9,82,14,1,67,KALIMANTAN TIMUR
1983,2020-04-24,12,0,0,12,94,14,1,79,KALIMANTAN TIMUR
1984,2020-04-25,8,0,0,8,102,14,1,87,KALIMANTAN TIMUR
1985,2020-04-26,2,0,1,1,104,15,1,88,KALIMANTAN TIMUR
1986,2020-04-27,8,0,0,8,112,15,1,96,KALIMANTAN TIMUR
1987,2020-04-28,4,0,0,4,116,15,1,100,KALIMANTAN TIMUR
1988,2020-04-29,15,0,0,15,131,15,1,115,KALIMANTAN TIMUR
1989,2020-04-30,2,0,1,1,133,16,1,116,KALIMANTAN TIMUR
1990,2020-05-01,18,0,0,18,151,16,1,134,KALIMANTAN TIMUR
1991,2020-05-02,8,0,0,8,159,16,1,142,KALIMANTAN TIMUR
1992,2020-05-03,5,1,0,4,164,16,2,146,KALIMANTAN TIMUR
1993,2020-05-04,1,0,0,1,165,16,2,147,KALIMANTAN TIMUR
1994,2020-05-05,14,0,0,14,179,16,2,161,KALIMANTAN TIMUR
1995,2020-05-06,0,0,0,0,179,16,2,161,KALIMANTAN TIMUR
1996,2020-05-07,27,0,9,18,206,25,2,179,KALIMANTAN TIMUR
1997,2020-05-08,5,0,6,-1,211,31,2,178,KALIMANTAN TIMUR
1998,2020-05-09,4,0,3,1,215,34,2,179,KALIMANTAN TIMUR
1999,2020-05-10,7,1,4,2,222,38,3,181,KALIMANTAN TIMUR
2000,2020-05-11,3,0,3,0,225,41,3,181,KALIMANTAN TIMUR
2001,2020-05-12,2,0,5,-3,227,46,3,178,KALIMANTAN TIMUR
2002,2020-05-13,8,0,11,-3,235,57,3,175,KALIMANTAN TIMUR
2003,2020-05-14,13,0,4,9,248,61,3,184,KALIMANTAN TIMUR
2004,2020-05-15,2,0,2,0,250,63,3,184,KALIMANTAN TIMUR
2005,2020-05-16,1,0,2,-1,251,65,3,183,KALIMANTAN TIMUR
2006,2020-05-17,1,0,10,-9,252,75,3,174,KALIMANTAN TIMUR
2007,2020-05-18,3,0,5,-2,255,80,3,172,KALIMANTAN TIMUR
2008,2020-05-19,6,0,4,2,261,84,3,174,KALIMANTAN TIMUR
2009,2020-05-20,2,0,11,-9,263,95,3,165,KALIMANTAN TIMUR
2010,2020-05-21,5,0,6,-1,268,101,3,164,KALIMANTAN TIMUR
2011,2020-05-22,3,0,3,0,271,104,3,164,KALIMANTAN TIMUR
2012,2020-05-23,2,0,0,2,273,104,3,166,KALIMANTAN TIMUR
2013,2020-05-24,0,0,16,-16,273,120,3,150,KALIMANTAN TIMUR
2014,2020-05-25,1,0,1,0,274,121,3,150,KALIMANTAN TIMUR
2015,2020-05-26,3,0,5,-2,277,126,3,148,KALIMANTAN TIMUR
2016,2020-05-27,1,0,6,-5,278,132,3,143,KALIMANTAN TIMUR
2017,2020-05-28,4,0,9,-5,282,141,3,138,KALIMANTAN TIMUR
2018,2020-05-29,6,0,18,-12,288,159,3,126,KALIMANTAN TIMUR
2019,2020-05-30,4,0,11,-7,292,170,3,119,KALIMANTAN TIMUR
2020,2020-05-31,2,0,2,0,294,172,3,119,KALIMANTAN TIMUR
2021,2020-06-01,1,0,1,0,295,173,3,119,KALIMANTAN TIMUR
2022,2020-06-02,12,0,2,10,307,175,3,129,KALIMANTAN TIMUR
2023,2020-06-03,6,0,7,-1,313,182,3,128,KALIMANTAN TIMUR
2024,2020-06-04,1,0,0,1,314,182,3,129,KALIMANTAN TIMUR
2025,2020-06-05,10,0,22,-12,324,204,3,117,KALIMANTAN TIMUR
2026,2020-06-06,2,0,4,-2,326,208,3,115,KALIMANTAN TIMUR
2027,2020-06-07,9,0,3,6,335,211,3,121,KALIMANTAN TIMUR
2028,2020-06-08,13,0,3,10,348,214,3,131,KALIMANTAN TIMUR
2029,2020-06-09,11,0,5,6,359,219,3,137,KALIMANTAN TIMUR
2030,2020-06-10,3,0,7,-4,362,226,3,133,KALIMANTAN TIMUR
2031,2020-06-11,8,1,11,-4,370,237,4,129,KALIMANTAN TIMUR
2032,2020-06-12,3,0,10,-7,373,247,4,122,KALIMANTAN TIMUR
2033,2020-06-13,2,0,12,-10,375,259,4,112,KALIMANTAN TIMUR
2034,2020-06-14,4,0,1,3,379,260,4,115,KALIMANTAN TIMUR
2035,2020-06-15,10,0,13,-3,389,273,4,112,KALIMANTAN TIMUR
2036,2020-06-16,5,0,17,-12,394,290,4,100,KALIMANTAN TIMUR
2037,2020-06-17,8,0,18,-10,402,308,4,90,KALIMANTAN TIMUR
2038,2020-06-18,12,0,3,9,414,311,4,99,KALIMANTAN TIMUR
2039,2020-06-19,6,0,6,0,420,317,4,99,KALIMANTAN TIMUR
2040,2020-06-20,11,1,3,7,431,320,5,106,KALIMANTAN TIMUR
2041,2020-06-21,1,0,1,0,432,321,5,106,KALIMANTAN TIMUR
2042,2020-06-22,12,0,1,11,444,322,5,117,KALIMANTAN TIMUR
2043,2020-06-23,9,1,10,-2,453,332,6,115,KALIMANTAN TIMUR
2044,2020-06-24,17,0,21,-4,470,353,6,111,KALIMANTAN TIMUR
2045,2020-06-25,10,1,5,4,480,358,7,115,KALIMANTAN TIMUR
2046,2020-06-26,11,0,5,6,491,363,7,121,KALIMANTAN TIMUR
2047,2020-06-27,9,0,11,-2,500,374,7,119,KALIMANTAN TIMUR
2048,2020-06-28,7,0,1,6,507,375,7,125,KALIMANTAN TIMUR
2049,2020-06-29,8,0,9,-1,515,384,7,124,KALIMANTAN TIMUR
2050,2020-06-30,7,0,15,-8,522,399,7,116,KALIMANTAN TIMUR
2051,2020-07-01,6,0,14,-8,528,413,7,108,KALIMANTAN TIMUR
2052,2020-07-02,13,1,10,2,541,423,8,110,KALIMANTAN TIMUR
2053,2020-07-03,10,0,7,3,551,430,8,113,KALIMANTAN TIMUR
2054,2020-07-04,30,0,3,27,581,433,8,140,KALIMANTAN TIMUR
2055,2020-07-05,13,1,1,11,594,434,9,151,KALIMANTAN TIMUR
2056,2020-07-06,6,2,16,-12,600,450,11,139,KALIMANTAN TIMUR
2057,2020-07-07,14,0,9,5,614,459,11,144,KALIMANTAN TIMUR
2058,2020-07-08,6,0,7,-1,620,466,11,143,KALIMANTAN TIMUR
2059,2020-07-09,19,1,10,8,639,476,12,151,KALIMANTAN TIMUR
2060,2020-07-10,31,0,12,19,670,488,12,170,KALIMANTAN TIMUR
2061,2020-07-11,17,4,3,10,687,491,16,180,KALIMANTAN TIMUR
2062,2020-07-12,5,1,10,-6,692,501,17,174,KALIMANTAN TIMUR
2063,2020-07-13,27,0,8,19,719,509,17,193,KALIMANTAN TIMUR
2064,2020-07-14,34,0,7,27,753,516,17,220,KALIMANTAN TIMUR
2065,2020-07-15,24,0,15,9,777,531,17,229,KALIMANTAN TIMUR
2066,2020-07-16,43,0,18,25,820,549,17,254,KALIMANTAN TIMUR
2067,2020-07-17,25,0,13,12,845,562,17,266,KALIMANTAN TIMUR
2068,2020-07-18,20,1,1,18,865,563,18,284,KALIMANTAN TIMUR
2069,2020-07-19,25,1,20,4,890,583,19,288,KALIMANTAN TIMUR
2070,2020-07-20,71,0,5,66,961,588,19,354,KALIMANTAN TIMUR
2071,2020-07-21,30,3,31,-4,991,619,22,350,KALIMANTAN TIMUR
2072,2020-07-22,40,0,50,-10,1031,669,22,340,KALIMANTAN TIMUR
2073,2020-07-23,38,1,32,5,1069,701,23,345,KALIMANTAN TIMUR
2074,2020-07-24,62,2,25,35,1131,726,25,380,KALIMANTAN TIMUR
2075,2020-07-25,32,2,25,5,1163,751,27,385,KALIMANTAN TIMUR
2076,2020-07-26,18,0,22,-4,1181,773,27,381,KALIMANTAN TIMUR
2077,2020-07-27,66,0,34,32,1247,807,27,413,KALIMANTAN TIMUR
2078,2020-07-28,57,0,47,10,1304,854,27,423,KALIMANTAN TIMUR
2079,2020-07-29,70,2,30,38,1374,884,29,461,KALIMANTAN TIMUR
2080,2020-07-30,49,1,15,33,1423,899,30,494,KALIMANTAN TIMUR
2081,2020-07-31,7,1,7,-1,1430,906,31,493,KALIMANTAN TIMUR
2082,2020-08-01,83,5,6,72,1513,912,36,565,KALIMANTAN TIMUR
2083,2020-08-02,22,4,25,-7,1535,937,40,558,KALIMANTAN TIMUR
2084,2020-08-03,60,1,37,22,1595,974,41,580,KALIMANTAN TIMUR
2085,2020-08-04,67,0,56,11,1662,1030,41,591,KALIMANTAN TIMUR
2086,2020-08-05,36,1,46,-11,1698,1076,42,580,KALIMANTAN TIMUR
2087,2020-08-06,98,4,58,36,1796,1134,46,616,KALIMANTAN TIMUR
2088,2020-08-07,35,1,28,6,1831,1162,47,622,KALIMANTAN TIMUR
2089,2020-08-08,53,4,15,34,1884,1177,51,656,KALIMANTAN TIMUR
2090,2020-08-09,45,4,83,-42,1929,1260,55,614,KALIMANTAN TIMUR
2091,2020-08-10,128,3,68,57,2057,1328,58,671,KALIMANTAN TIMUR
2092,2020-08-11,46,2,51,-7,2103,1379,60,664,KALIMANTAN TIMUR
2093,2020-08-12,23,1,30,-8,2126,1409,61,656,KALIMANTAN TIMUR
2094,2020-08-13,98,4,67,27,2224,1476,65,683,KALIMANTAN TIMUR
2095,2020-08-14,56,1,12,43,2280,1488,66,726,KALIMANTAN TIMUR
2096,2020-03-16,1,1,0,0,1,0,1,0,SUMATERA UTARA
2097,2020-03-17,0,0,0,0,1,0,1,0,SUMATERA UTARA
2098,2020-03-18,0,0,0,0,1,0,1,0,SUMATERA UTARA
2099,2020-03-19,0,0,0,0,1,0,1,0,SUMATERA UTARA
2100,2020-03-20,0,0,0,0,1,0,1,0,SUMATERA UTARA
2101,2020-03-21,0,0,0,0,1,0,1,0,SUMATERA UTARA
2102,2020-03-22,0,0,0,0,1,0,1,0,SUMATERA UTARA
2103,2020-03-23,0,0,0,0,1,0,1,0,SUMATERA UTARA
2104,2020-03-24,0,0,0,0,1,0,1,0,SUMATERA UTARA
2105,2020-03-25,0,0,0,0,1,0,1,0,SUMATERA UTARA
2106,2020-03-26,0,1,0,-1,1,0,2,-1,SUMATERA UTARA
2107,2020-03-27,0,0,0,0,1,0,2,-1,SUMATERA UTARA
2108,2020-03-28,0,0,0,0,1,0,2,-1,SUMATERA UTARA
2109,2020-03-29,6,0,0,6,7,0,2,5,SUMATERA UTARA
2110,2020-03-30,6,2,0,4,13,0,4,9,SUMATERA UTARA
2111,2020-03-31,2,0,0,2,15,0,4,11,SUMATERA UTARA
2112,2020-04-01,0,0,0,0,15,0,4,11,SUMATERA UTARA
2113,2020-04-02,0,0,0,0,15,0,4,11,SUMATERA UTARA
2114,2020-04-03,3,1,0,2,18,0,5,13,SUMATERA UTARA
2115,2020-04-04,0,0,0,0,18,0,5,13,SUMATERA UTARA
2116,2020-04-05,1,0,0,1,19,0,5,14,SUMATERA UTARA
2117,2020-04-06,0,0,0,0,19,0,5,14,SUMATERA UTARA
2118,2020-04-07,29,0,0,29,48,0,5,43,SUMATERA UTARA
2119,2020-04-08,0,0,0,0,48,0,5,43,SUMATERA UTARA
2120,2020-04-09,0,0,8,-8,48,8,5,35,SUMATERA UTARA
2121,2020-04-10,0,3,0,-3,48,8,8,32,SUMATERA UTARA
2122,2020-04-11,10,0,0,10,58,8,8,42,SUMATERA UTARA
2123,2020-04-12,2,1,1,0,60,9,9,42,SUMATERA UTARA
2124,2020-04-13,5,0,1,4,65,10,9,46,SUMATERA UTARA
2125,2020-04-14,6,0,0,6,71,10,9,52,SUMATERA UTARA
2126,2020-04-15,1,0,3,-2,72,13,9,50,SUMATERA UTARA
2127,2020-04-16,0,0,0,0,72,13,9,50,SUMATERA UTARA
2128,2020-04-17,0,0,0,0,72,13,9,50,SUMATERA UTARA
2129,2020-04-18,2,0,0,2,74,13,9,52,SUMATERA UTARA
2130,2020-04-19,2,1,1,0,76,14,10,52,SUMATERA UTARA
2131,2020-04-20,1,0,0,1,77,14,10,53,SUMATERA UTARA
2132,2020-04-21,9,0,7,2,86,21,10,55,SUMATERA UTARA
2133,2020-04-22,2,1,0,1,88,21,11,56,SUMATERA UTARA
2134,2020-04-23,1,0,0,1,89,21,11,57,SUMATERA UTARA
2135,2020-04-24,9,1,0,8,98,21,12,65,SUMATERA UTARA
2136,2020-04-25,6,0,7,-1,104,28,12,64,SUMATERA UTARA
2137,2020-04-26,0,0,7,-7,104,35,12,57,SUMATERA UTARA
2138,2020-04-27,0,1,0,-1,104,35,13,56,SUMATERA UTARA
2139,2020-04-28,3,0,5,-2,107,40,13,54,SUMATERA UTARA
2140,2020-04-29,3,1,1,1,110,41,14,55,SUMATERA UTARA
2141,2020-04-30,0,0,0,0,110,41,14,55,SUMATERA UTARA
2142,2020-05-01,0,0,0,0,110,41,14,55,SUMATERA UTARA
2143,2020-05-02,6,0,0,6,116,41,14,61,SUMATERA UTARA
2144,2020-05-03,6,0,0,6,122,41,14,67,SUMATERA UTARA
2145,2020-05-04,1,0,2,-1,123,43,14,66,SUMATERA UTARA
2146,2020-05-05,11,5,0,6,134,43,19,72,SUMATERA UTARA
2147,2020-05-06,1,0,5,-4,135,48,19,68,SUMATERA UTARA
2148,2020-05-07,15,0,0,15,150,48,19,83,SUMATERA UTARA
2149,2020-05-08,22,5,0,17,172,48,24,100,SUMATERA UTARA
2150,2020-05-09,0,0,0,0,172,48,24,100,SUMATERA UTARA
2151,2020-05-10,17,3,0,14,189,48,27,114,SUMATERA UTARA
2152,2020-05-11,2,0,5,-3,191,53,27,111,SUMATERA UTARA
2153,2020-05-12,2,0,0,2,193,53,27,113,SUMATERA UTARA
2154,2020-05-13,2,0,0,2,195,53,27,115,SUMATERA UTARA
2155,2020-05-14,0,0,0,0,195,53,27,115,SUMATERA UTARA
2156,2020-05-15,0,0,0,0,195,53,27,115,SUMATERA UTARA
2157,2020-05-16,16,2,5,9,211,58,29,124,SUMATERA UTARA
2158,2020-05-17,7,1,0,6,218,58,30,130,SUMATERA UTARA
2159,2020-05-18,10,1,0,9,228,58,31,139,SUMATERA UTARA
2160,2020-05-19,15,2,16,-3,243,74,33,136,SUMATERA UTARA
2161,2020-05-20,23,1,0,22,266,74,34,158,SUMATERA UTARA
2162,2020-05-21,12,1,28,-17,278,102,35,141,SUMATERA UTARA
2163,2020-05-22,9,0,0,9,287,102,35,150,SUMATERA UTARA
2164,2020-05-23,17,1,7,9,304,109,36,159,SUMATERA UTARA
2165,2020-05-24,4,0,5,-1,308,114,36,158,SUMATERA UTARA
2166,2020-05-25,0,0,0,0,308,114,36,158,SUMATERA UTARA
2167,2020-05-26,17,1,2,14,325,116,37,172,SUMATERA UTARA
2168,2020-05-27,30,1,2,27,355,118,38,199,SUMATERA UTARA
2169,2020-05-28,38,0,0,38,393,118,38,237,SUMATERA UTARA
2170,2020-05-29,6,4,5,-3,399,123,42,234,SUMATERA UTARA
2171,2020-05-30,3,0,23,-20,402,146,42,214,SUMATERA UTARA
2172,2020-05-31,8,0,3,5,410,149,42,219,SUMATERA UTARA
2173,2020-06-01,1,0,2,-1,411,151,42,218,SUMATERA UTARA
2174,2020-06-02,26,2,9,15,437,160,44,233,SUMATERA UTARA
2175,2020-06-03,44,1,7,36,481,167,45,269,SUMATERA UTARA
2176,2020-06-04,48,1,5,42,529,172,46,311,SUMATERA UTARA
2177,2020-06-05,67,0,7,60,596,179,46,371,SUMATERA UTARA
2178,2020-06-06,0,0,0,0,596,179,46,371,SUMATERA UTARA
2179,2020-06-07,2,2,10,-10,598,189,48,361,SUMATERA UTARA
2180,2020-06-08,12,4,0,8,610,189,52,369,SUMATERA UTARA
2181,2020-06-09,18,1,4,13,628,193,53,382,SUMATERA UTARA
2182,2020-06-10,45,3,12,30,673,205,56,412,SUMATERA UTARA
2183,2020-06-11,83,1,0,82,756,205,57,494,SUMATERA UTARA
2184,2020-06-12,98,2,0,96,854,205,59,590,SUMATERA UTARA
2185,2020-06-13,8,0,7,1,862,212,59,591,SUMATERA UTARA
2186,2020-06-14,63,5,4,54,925,216,64,645,SUMATERA UTARA
2187,2020-06-15,25,2,6,17,950,222,66,662,SUMATERA UTARA
2188,2020-06-16,13,0,5,8,963,227,66,670,SUMATERA UTARA
2189,2020-06-17,23,0,7,16,986,234,66,686,SUMATERA UTARA
2190,2020-06-18,31,0,16,15,1017,250,66,701,SUMATERA UTARA
2191,2020-06-19,58,2,5,51,1075,255,68,752,SUMATERA UTARA
2192,2020-06-20,13,2,4,7,1088,259,70,759,SUMATERA UTARA
2193,2020-06-21,20,3,4,13,1108,263,73,772,SUMATERA UTARA
2194,2020-06-22,116,3,3,110,1224,266,76,882,SUMATERA UTARA
2195,2020-06-23,54,3,8,43,1278,274,79,925,SUMATERA UTARA
2196,2020-06-24,69,3,18,48,1347,292,82,973,SUMATERA UTARA
2197,2020-06-25,14,4,64,-54,1361,356,86,919,SUMATERA UTARA
2198,2020-06-26,75,5,18,52,1436,374,91,971,SUMATERA UTARA
2199,2020-06-27,22,0,10,12,1458,384,91,983,SUMATERA UTARA
2200,2020-06-28,12,0,18,-6,1470,402,91,977,SUMATERA UTARA
2201,2020-06-29,72,1,5,66,1542,407,92,1043,SUMATERA UTARA
2202,2020-06-30,50,5,13,32,1592,420,97,1075,SUMATERA UTARA
2203,2020-07-01,89,2,6,81,1681,426,99,1156,SUMATERA UTARA
2204,2020-07-02,33,1,13,19,1714,439,100,1175,SUMATERA UTARA
2205,2020-07-03,44,3,21,20,1758,460,103,1195,SUMATERA UTARA
2206,2020-07-04,12,0,19,-7,1770,479,103,1188,SUMATERA UTARA
2207,2020-07-05,19,4,7,8,1789,486,107,1196,SUMATERA UTARA
2208,2020-07-06,24,1,9,14,1813,495,108,1210,SUMATERA UTARA
2209,2020-07-07,155,1,10,144,1968,505,109,1354,SUMATERA UTARA
2210,2020-07-08,109,5,11,93,2077,516,114,1447,SUMATERA UTARA
2211,2020-07-09,108,1,12,95,2185,528,115,1542,SUMATERA UTARA
2212,2020-07-10,88,4,16,68,2273,544,119,1610,SUMATERA UTARA
2213,2020-07-11,39,4,22,13,2312,566,123,1623,SUMATERA UTARA
2214,2020-07-12,46,2,13,31,2358,579,125,1654,SUMATERA UTARA
2215,2020-07-13,130,5,20,105,2488,599,130,1759,SUMATERA UTARA
2216,2020-07-14,96,0,8,88,2584,607,130,1847,SUMATERA UTARA
2217,2020-07-15,98,5,29,64,2682,636,135,1911,SUMATERA UTARA
2218,2020-07-16,83,7,21,55,2765,657,142,1966,SUMATERA UTARA
2219,2020-07-17,149,3,39,107,2914,696,145,2073,SUMATERA UTARA
2220,2020-07-18,14,1,25,-12,2928,721,146,2061,SUMATERA UTARA
2221,2020-07-19,15,3,49,-37,2943,770,149,2024,SUMATERA UTARA
2222,2020-07-20,42,4,30,8,2985,800,153,2032,SUMATERA UTARA
2223,2020-07-21,166,7,26,133,3151,826,160,2165,SUMATERA UTARA
2224,2020-07-22,104,8,16,80,3255,842,168,2245,SUMATERA UTARA
2225,2020-07-23,56,3,33,20,3311,875,171,2265,SUMATERA UTARA
2226,2020-07-24,52,3,24,25,3363,899,174,2290,SUMATERA UTARA
2227,2020-07-25,20,4,19,-3,3383,918,178,2287,SUMATERA UTARA
2228,2020-07-26,48,1,13,34,3431,931,179,2321,SUMATERA UTARA
2229,2020-07-27,80,1,18,61,3511,949,180,2382,SUMATERA UTARA
2230,2020-07-28,241,3,30,208,3752,979,183,2590,SUMATERA UTARA
2231,2020-07-29,68,4,268,-204,3820,1247,187,2386,SUMATERA UTARA
2232,2020-07-30,104,5,106,-7,3924,1353,192,2379,SUMATERA UTARA
2233,2020-07-31,31,1,131,-101,3955,1484,193,2278,SUMATERA UTARA
2234,2020-08-01,174,8,130,36,4129,1614,201,2314,SUMATERA UTARA
2235,2020-08-02,57,2,39,16,4186,1653,203,2330,SUMATERA UTARA
2236,2020-08-03,68,6,64,-2,4254,1717,209,2328,SUMATERA UTARA
2237,2020-08-04,130,2,74,54,4384,1791,211,2382,SUMATERA UTARA
2238,2020-08-05,86,1,69,16,4470,1860,212,2398,SUMATERA UTARA
2239,2020-08-06,216,9,52,155,4686,1912,221,2553,SUMATERA UTARA
2240,2020-08-07,101,1,124,-24,4787,2036,222,2529,SUMATERA UTARA
2241,2020-08-08,25,2,35,-12,4812,2071,224,2517,SUMATERA UTARA
2242,2020-08-09,129,1,27,101,4941,2098,225,2618,SUMATERA UTARA
2243,2020-08-10,207,4,40,163,5148,2138,229,2781,SUMATERA UTARA
2244,2020-08-11,109,2,51,56,5257,2189,231,2837,SUMATERA UTARA
2245,2020-08-12,94,5,148,-59,5351,2337,236,2778,SUMATERA UTARA
2246,2020-08-13,69,4,101,-36,5420,2438,240,2742,SUMATERA UTARA
2247,2020-08-14,195,3,73,119,5615,2511,243,2861,SUMATERA UTARA
2248,2020-03-15,1,0,0,1,1,0,0,1,DAERAH ISTIMEWA YOGYAKARTA
2249,2020-03-16,0,0,0,0,1,0,0,1,DAERAH ISTIMEWA YOGYAKARTA
2250,2020-03-17,0,0,0,0,1,0,0,1,DAERAH ISTIMEWA YOGYAKARTA
2251,2020-03-18,0,0,0,0,1,0,0,1,DAERAH ISTIMEWA YOGYAKARTA
2252,2020-03-19,0,0,1,-1,1,1,0,0,DAERAH ISTIMEWA YOGYAKARTA
2253,2020-03-20,0,0,0,0,1,1,0,0,DAERAH ISTIMEWA YOGYAKARTA
2254,2020-03-21,0,0,0,0,1,1,0,0,DAERAH ISTIMEWA YOGYAKARTA
2255,2020-03-22,0,1,0,-1,1,1,1,-1,DAERAH ISTIMEWA YOGYAKARTA
2256,2020-03-23,0,0,0,0,1,1,1,-1,DAERAH ISTIMEWA YOGYAKARTA
2257,2020-03-24,0,1,0,-1,1,1,2,-2,DAERAH ISTIMEWA YOGYAKARTA
2258,2020-03-25,0,0,0,0,1,1,2,-2,DAERAH ISTIMEWA YOGYAKARTA
2259,2020-03-26,1,0,0,1,2,1,2,-1,DAERAH ISTIMEWA YOGYAKARTA
2260,2020-03-27,0,0,0,0,2,1,2,-1,DAERAH ISTIMEWA YOGYAKARTA
2261,2020-03-28,0,0,0,0,2,1,2,-1,DAERAH ISTIMEWA YOGYAKARTA
2262,2020-03-29,1,0,1,0,3,2,2,-1,DAERAH ISTIMEWA YOGYAKARTA
2263,2020-03-30,5,0,0,5,8,2,2,4,DAERAH ISTIMEWA YOGYAKARTA
2264,2020-03-31,5,0,1,4,13,3,2,8,DAERAH ISTIMEWA YOGYAKARTA
2265,2020-04-01,0,1,0,-1,13,3,3,7,DAERAH ISTIMEWA YOGYAKARTA
2266,2020-04-02,0,0,0,0,13,3,3,7,DAERAH ISTIMEWA YOGYAKARTA
2267,2020-04-03,5,0,0,5,18,3,3,12,DAERAH ISTIMEWA YOGYAKARTA
2268,2020-04-04,1,0,0,1,19,3,3,13,DAERAH ISTIMEWA YOGYAKARTA
2269,2020-04-05,3,0,1,2,22,4,3,15,DAERAH ISTIMEWA YOGYAKARTA
2270,2020-04-06,1,0,0,1,23,4,3,16,DAERAH ISTIMEWA YOGYAKARTA
2271,2020-04-07,0,3,3,-6,23,7,6,10,DAERAH ISTIMEWA YOGYAKARTA
2272,2020-04-08,2,0,3,-1,25,10,6,9,DAERAH ISTIMEWA YOGYAKARTA
2273,2020-04-09,0,0,3,-3,25,13,6,6,DAERAH ISTIMEWA YOGYAKARTA
2274,2020-04-10,0,0,0,0,25,13,6,6,DAERAH ISTIMEWA YOGYAKARTA
2275,2020-04-11,0,0,5,-5,25,18,6,1,DAERAH ISTIMEWA YOGYAKARTA
2276,2020-04-12,16,0,0,16,41,18,6,17,DAERAH ISTIMEWA YOGYAKARTA
2277,2020-04-13,5,0,4,1,46,22,6,18,DAERAH ISTIMEWA YOGYAKARTA
2278,2020-04-14,1,0,0,1,47,22,6,19,DAERAH ISTIMEWA YOGYAKARTA
2279,2020-04-15,1,0,0,1,48,22,6,20,DAERAH ISTIMEWA YOGYAKARTA
2280,2020-04-16,1,1,3,-3,49,25,7,17,DAERAH ISTIMEWA YOGYAKARTA
2281,2020-04-17,3,0,2,1,52,27,7,18,DAERAH ISTIMEWA YOGYAKARTA
2282,2020-04-18,0,0,1,-1,52,28,7,17,DAERAH ISTIMEWA YOGYAKARTA
2283,2020-04-19,2,0,0,2,54,28,7,19,DAERAH ISTIMEWA YOGYAKARTA
2284,2020-04-20,3,0,3,0,57,31,7,19,DAERAH ISTIMEWA YOGYAKARTA
2285,2020-04-21,3,0,5,-2,60,36,7,17,DAERAH ISTIMEWA YOGYAKARTA
2286,2020-04-22,1,0,1,0,61,37,7,17,DAERAH ISTIMEWA YOGYAKARTA
2287,2020-04-23,1,0,0,1,62,37,7,18,DAERAH ISTIMEWA YOGYAKARTA
2288,2020-04-24,2,0,0,2,64,37,7,20,DAERAH ISTIMEWA YOGYAKARTA
2289,2020-04-25,3,0,0,3,67,37,7,23,DAERAH ISTIMEWA YOGYAKARTA
2290,2020-04-26,1,0,2,-1,68,39,7,22,DAERAH ISTIMEWA YOGYAKARTA
2291,2020-04-27,10,0,1,9,78,40,7,31,DAERAH ISTIMEWA YOGYAKARTA
2292,2020-04-28,1,0,3,-2,79,43,7,29,DAERAH ISTIMEWA YOGYAKARTA
2293,2020-04-29,1,0,0,1,80,43,7,30,DAERAH ISTIMEWA YOGYAKARTA
2294,2020-04-30,9,0,5,4,89,48,7,34,DAERAH ISTIMEWA YOGYAKARTA
2295,2020-05-01,10,0,0,10,99,48,7,44,DAERAH ISTIMEWA YOGYAKARTA
2296,2020-05-02,1,0,0,1,100,48,7,45,DAERAH ISTIMEWA YOGYAKARTA
2297,2020-05-03,0,0,4,-4,100,52,7,41,DAERAH ISTIMEWA YOGYAKARTA
2298,2020-05-04,6,0,1,5,106,53,7,46,DAERAH ISTIMEWA YOGYAKARTA
2299,2020-05-05,1,0,5,-4,107,58,7,42,DAERAH ISTIMEWA YOGYAKARTA
2300,2020-05-06,15,0,1,14,122,59,7,56,DAERAH ISTIMEWA YOGYAKARTA
2301,2020-05-07,6,0,0,6,128,59,7,62,DAERAH ISTIMEWA YOGYAKARTA
2302,2020-05-08,3,0,2,1,131,61,7,63,DAERAH ISTIMEWA YOGYAKARTA
2303,2020-05-09,7,0,0,7,138,61,7,70,DAERAH ISTIMEWA YOGYAKARTA
2304,2020-05-10,6,1,6,-1,144,67,8,69,DAERAH ISTIMEWA YOGYAKARTA
2305,2020-05-11,10,0,0,10,154,67,8,79,DAERAH ISTIMEWA YOGYAKARTA
2306,2020-05-12,12,0,1,11,166,68,8,90,DAERAH ISTIMEWA YOGYAKARTA
2307,2020-05-13,4,0,7,-3,170,75,8,87,DAERAH ISTIMEWA YOGYAKARTA
2308,2020-05-14,3,0,12,-9,173,87,8,78,DAERAH ISTIMEWA YOGYAKARTA
2309,2020-05-15,6,0,1,5,179,88,8,83,DAERAH ISTIMEWA YOGYAKARTA
2310,2020-05-16,5,0,3,2,184,91,8,85,DAERAH ISTIMEWA YOGYAKARTA
2311,2020-05-17,1,0,3,-2,185,94,8,83,DAERAH ISTIMEWA YOGYAKARTA
2312,2020-05-18,7,0,12,-5,192,106,8,78,DAERAH ISTIMEWA YOGYAKARTA
2313,2020-05-19,2,0,8,-6,194,114,8,72,DAERAH ISTIMEWA YOGYAKARTA
2314,2020-05-20,6,0,7,-1,200,121,8,71,DAERAH ISTIMEWA YOGYAKARTA
2315,2020-05-21,5,0,2,3,205,123,8,74,DAERAH ISTIMEWA YOGYAKARTA
2316,2020-05-22,5,0,6,-1,210,129,8,73,DAERAH ISTIMEWA YOGYAKARTA
2317,2020-05-23,1,0,4,-3,211,133,8,70,DAERAH ISTIMEWA YOGYAKARTA
2318,2020-05-24,0,0,1,-1,211,134,8,69,DAERAH ISTIMEWA YOGYAKARTA
2319,2020-05-25,0,0,4,-4,211,138,8,65,DAERAH ISTIMEWA YOGYAKARTA
2320,2020-05-26,2,0,9,-7,213,147,8,58,DAERAH ISTIMEWA YOGYAKARTA
2321,2020-05-27,0,0,8,-8,213,155,8,50,DAERAH ISTIMEWA YOGYAKARTA
2322,2020-05-28,2,0,6,-4,215,161,8,46,DAERAH ISTIMEWA YOGYAKARTA
2323,2020-05-29,3,0,1,2,218,162,8,48,DAERAH ISTIMEWA YOGYAKARTA
2324,2020-05-30,3,0,7,-4,221,169,8,44,DAERAH ISTIMEWA YOGYAKARTA
2325,2020-05-31,1,0,0,1,222,169,8,45,DAERAH ISTIMEWA YOGYAKARTA
2326,2020-06-01,0,0,1,-1,222,170,8,44,DAERAH ISTIMEWA YOGYAKARTA
2327,2020-06-02,0,0,1,-1,222,171,8,43,DAERAH ISTIMEWA YOGYAKARTA
2328,2020-06-03,0,0,3,-3,222,174,8,40,DAERAH ISTIMEWA YOGYAKARTA
2329,2020-06-04,1,0,6,-5,223,180,8,35,DAERAH ISTIMEWA YOGYAKARTA
2330,2020-06-05,4,0,5,-1,227,185,8,34,DAERAH ISTIMEWA YOGYAKARTA
2331,2020-06-06,2,0,2,0,229,187,8,34,DAERAH ISTIMEWA YOGYAKARTA
2332,2020-06-07,3,0,7,-4,232,194,8,30,DAERAH ISTIMEWA YOGYAKARTA
2333,2020-06-08,2,0,0,2,234,194,8,32,DAERAH ISTIMEWA YOGYAKARTA
2334,2020-06-09,1,0,1,0,235,195,8,32,DAERAH ISTIMEWA YOGYAKARTA
2335,2020-06-10,2,0,5,-3,237,200,8,29,DAERAH ISTIMEWA YOGYAKARTA
2336,2020-06-11,10,0,5,5,247,205,8,34,DAERAH ISTIMEWA YOGYAKARTA
2337,2020-06-12,2,0,6,-4,249,211,8,30,DAERAH ISTIMEWA YOGYAKARTA
2338,2020-06-13,5,0,1,4,254,212,8,34,DAERAH ISTIMEWA YOGYAKARTA
2339,2020-06-14,3,0,2,1,257,214,8,35,DAERAH ISTIMEWA YOGYAKARTA
2340,2020-06-15,1,0,4,-3,258,218,8,32,DAERAH ISTIMEWA YOGYAKARTA
2341,2020-06-16,3,0,2,1,261,220,8,33,DAERAH ISTIMEWA YOGYAKARTA
2342,2020-06-17,0,0,7,-7,261,227,8,26,DAERAH ISTIMEWA YOGYAKARTA
2343,2020-06-18,1,0,4,-3,262,231,8,23,DAERAH ISTIMEWA YOGYAKARTA
2344,2020-06-19,8,0,0,8,270,231,8,31,DAERAH ISTIMEWA YOGYAKARTA
2345,2020-06-20,3,0,7,-4,273,238,8,27,DAERAH ISTIMEWA YOGYAKARTA
2346,2020-06-21,0,0,0,0,273,238,8,27,DAERAH ISTIMEWA YOGYAKARTA
2347,2020-06-22,3,0,5,-2,276,243,8,25,DAERAH ISTIMEWA YOGYAKARTA
2348,2020-06-23,1,0,13,-12,277,256,8,13,DAERAH ISTIMEWA YOGYAKARTA
2349,2020-06-24,7,0,3,4,284,259,8,17,DAERAH ISTIMEWA YOGYAKARTA
2350,2020-06-25,3,0,3,0,287,262,8,17,DAERAH ISTIMEWA YOGYAKARTA
2351,2020-06-26,2,0,1,1,289,263,8,18,DAERAH ISTIMEWA YOGYAKARTA
2352,2020-06-27,2,0,1,1,291,264,8,19,DAERAH ISTIMEWA YOGYAKARTA
2353,2020-06-28,0,0,1,-1,291,265,8,18,DAERAH ISTIMEWA YOGYAKARTA
2354,2020-06-29,7,0,1,6,298,266,8,24,DAERAH ISTIMEWA YOGYAKARTA
2355,2020-06-30,1,0,3,-2,299,269,8,22,DAERAH ISTIMEWA YOGYAKARTA
2356,2020-07-01,6,1,4,1,305,273,9,23,DAERAH ISTIMEWA YOGYAKARTA
2357,2020-07-02,4,0,3,1,309,276,9,24,DAERAH ISTIMEWA YOGYAKARTA
2358,2020-07-03,1,0,1,0,310,277,9,24,DAERAH ISTIMEWA YOGYAKARTA
2359,2020-07-04,6,0,0,6,316,277,9,30,DAERAH ISTIMEWA YOGYAKARTA
2360,2020-07-05,8,0,5,3,324,282,9,33,DAERAH ISTIMEWA YOGYAKARTA
2361,2020-07-06,7,0,3,4,331,285,9,37,DAERAH ISTIMEWA YOGYAKARTA
2362,2020-07-07,3,1,1,1,334,286,10,38,DAERAH ISTIMEWA YOGYAKARTA
2363,2020-07-08,7,0,4,3,341,290,10,41,DAERAH ISTIMEWA YOGYAKARTA
2364,2020-07-09,7,0,3,4,348,293,10,45,DAERAH ISTIMEWA YOGYAKARTA
2365,2020-07-10,7,0,1,6,355,294,10,51,DAERAH ISTIMEWA YOGYAKARTA
2366,2020-07-11,1,0,3,-2,356,297,10,49,DAERAH ISTIMEWA YOGYAKARTA
2367,2020-07-12,8,0,8,0,364,305,10,49,DAERAH ISTIMEWA YOGYAKARTA
2368,2020-07-13,8,1,5,2,372,310,11,51,DAERAH ISTIMEWA YOGYAKARTA
2369,2020-07-14,9,0,3,6,381,313,11,57,DAERAH ISTIMEWA YOGYAKARTA
2370,2020-07-15,8,0,0,8,389,313,11,65,DAERAH ISTIMEWA YOGYAKARTA
2371,2020-07-16,4,0,2,2,393,315,11,67,DAERAH ISTIMEWA YOGYAKARTA
2372,2020-07-17,8,0,8,0,401,323,11,67,DAERAH ISTIMEWA YOGYAKARTA
2373,2020-07-18,15,1,0,14,416,323,12,81,DAERAH ISTIMEWA YOGYAKARTA
2374,2020-07-19,6,1,3,2,422,326,13,83,DAERAH ISTIMEWA YOGYAKARTA
2375,2020-07-20,28,1,3,24,450,329,14,107,DAERAH ISTIMEWA YOGYAKARTA
2376,2020-07-21,21,2,1,18,471,330,16,125,DAERAH ISTIMEWA YOGYAKARTA
2377,2020-07-22,10,0,4,6,481,334,16,131,DAERAH ISTIMEWA YOGYAKARTA
2378,2020-07-23,23,1,6,16,504,340,17,147,DAERAH ISTIMEWA YOGYAKARTA
2379,2020-07-24,17,1,6,10,521,346,18,157,DAERAH ISTIMEWA YOGYAKARTA
2380,2020-07-25,7,1,0,6,528,346,19,163,DAERAH ISTIMEWA YOGYAKARTA
2381,2020-07-26,15,0,4,11,543,350,19,174,DAERAH ISTIMEWA YOGYAKARTA
2382,2020-07-27,14,1,5,8,557,355,20,182,DAERAH ISTIMEWA YOGYAKARTA
2383,2020-07-28,15,0,12,3,572,367,20,185,DAERAH ISTIMEWA YOGYAKARTA
2384,2020-07-29,23,0,14,9,595,381,20,194,DAERAH ISTIMEWA YOGYAKARTA
2385,2020-07-30,64,0,16,48,659,397,20,242,DAERAH ISTIMEWA YOGYAKARTA
2386,2020-07-31,67,1,11,55,726,408,21,297,DAERAH ISTIMEWA YOGYAKARTA
2387,2020-08-01,19,0,12,7,745,420,21,304,DAERAH ISTIMEWA YOGYAKARTA
2388,2020-08-02,12,0,13,-1,757,433,21,303,DAERAH ISTIMEWA YOGYAKARTA
2389,2020-08-03,12,0,14,-2,769,447,21,301,DAERAH ISTIMEWA YOGYAKARTA
2390,2020-08-04,17,0,29,-12,786,476,21,289,DAERAH ISTIMEWA YOGYAKARTA
2391,2020-08-05,18,0,20,-2,804,496,21,287,DAERAH ISTIMEWA YOGYAKARTA
2392,2020-08-06,19,0,29,-10,823,525,21,277,DAERAH ISTIMEWA YOGYAKARTA
2393,2020-08-07,16,2,27,-13,839,552,23,264,DAERAH ISTIMEWA YOGYAKARTA
2394,2020-08-08,8,1,18,-11,847,570,24,253,DAERAH ISTIMEWA YOGYAKARTA
2395,2020-08-09,14,1,23,-10,861,593,25,243,DAERAH ISTIMEWA YOGYAKARTA
2396,2020-08-10,4,0,16,-12,865,609,25,231,DAERAH ISTIMEWA YOGYAKARTA
2397,2020-08-11,20,1,24,-5,885,633,26,226,DAERAH ISTIMEWA YOGYAKARTA
2398,2020-08-12,11,0,13,-2,896,646,26,224,DAERAH ISTIMEWA YOGYAKARTA
2399,2020-08-13,35,2,12,21,931,658,28,245,DAERAH ISTIMEWA YOGYAKARTA
2400,2020-08-14,46,0,4,42,977,662,28,287,DAERAH ISTIMEWA YOGYAKARTA
2401,2020-03-27,2,0,0,2,2,0,0,2,KALIMANTAN UTARA
2402,2020-03-28,0,0,0,0,2,0,0,2,KALIMANTAN UTARA
2403,2020-03-29,0,0,0,0,2,0,0,2,KALIMANTAN UTARA
2404,2020-03-30,0,0,0,0,2,0,0,2,KALIMANTAN UTARA
2405,2020-03-31,0,0,0,0,2,0,0,2,KALIMANTAN UTARA
2406,2020-04-01,0,0,0,0,2,0,0,2,KALIMANTAN UTARA
2407,2020-04-02,6,0,0,6,8,0,0,8,KALIMANTAN UTARA
2408,2020-04-03,0,0,0,0,8,0,0,8,KALIMANTAN UTARA
2409,2020-04-04,0,0,0,0,8,0,0,8,KALIMANTAN UTARA
2410,2020-04-05,7,0,0,7,15,0,0,15,KALIMANTAN UTARA
2411,2020-04-06,0,0,0,0,15,0,0,15,KALIMANTAN UTARA
2412,2020-04-07,1,0,0,1,16,0,0,16,KALIMANTAN UTARA
2413,2020-04-08,0,0,0,0,16,0,0,16,KALIMANTAN UTARA
2414,2020-04-09,0,0,0,0,16,0,0,16,KALIMANTAN UTARA
2415,2020-04-10,0,1,0,-1,16,0,1,15,KALIMANTAN UTARA
2416,2020-04-11,0,0,0,0,16,0,1,15,KALIMANTAN UTARA
2417,2020-04-12,0,0,0,0,16,0,1,15,KALIMANTAN UTARA
2418,2020-04-13,0,0,0,0,16,0,1,15,KALIMANTAN UTARA
2419,2020-04-14,4,0,1,3,20,1,1,18,KALIMANTAN UTARA
2420,2020-04-15,8,0,1,7,28,2,1,25,KALIMANTAN UTARA
2421,2020-04-16,19,0,0,19,47,2,1,44,KALIMANTAN UTARA
2422,2020-04-17,3,0,0,3,50,2,1,47,KALIMANTAN UTARA
2423,2020-04-18,19,0,0,19,69,2,1,66,KALIMANTAN UTARA
2424,2020-04-19,4,0,0,4,73,2,1,70,KALIMANTAN UTARA
2425,2020-04-20,4,0,0,4,77,2,1,74,KALIMANTAN UTARA
2426,2020-04-21,0,0,0,0,77,2,1,74,KALIMANTAN UTARA
2427,2020-04-22,0,0,0,0,77,2,1,74,KALIMANTAN UTARA
2428,2020-04-23,0,0,0,0,77,2,1,74,KALIMANTAN UTARA
2429,2020-04-24,6,0,0,6,83,2,1,80,KALIMANTAN UTARA
2430,2020-04-25,6,0,0,6,89,2,1,86,KALIMANTAN UTARA
2431,2020-04-26,1,0,0,1,90,2,1,87,KALIMANTAN UTARA
2432,2020-04-27,2,0,0,2,92,2,1,89,KALIMANTAN UTARA
2433,2020-04-28,0,0,2,-2,92,4,1,87,KALIMANTAN UTARA
2434,2020-04-29,8,0,0,8,100,4,1,95,KALIMANTAN UTARA
2435,2020-04-30,15,0,1,14,115,5,1,109,KALIMANTAN UTARA
2436,2020-05-01,7,0,0,7,122,5,1,116,KALIMANTAN UTARA
2437,2020-05-02,0,0,0,0,122,5,1,116,KALIMANTAN UTARA
2438,2020-05-03,8,0,0,8,130,5,1,124,KALIMANTAN UTARA
2439,2020-05-04,1,0,1,0,131,6,1,124,KALIMANTAN UTARA
2440,2020-05-05,0,0,0,0,131,6,1,124,KALIMANTAN UTARA
2441,2020-05-06,0,0,0,0,131,6,1,124,KALIMANTAN UTARA
2442,2020-05-07,0,0,0,0,131,6,1,124,KALIMANTAN UTARA
2443,2020-05-08,0,0,0,0,131,6,1,124,KALIMANTAN UTARA
2444,2020-05-09,0,0,1,-1,131,7,1,123,KALIMANTAN UTARA
2445,2020-05-10,1,0,0,1,132,7,1,124,KALIMANTAN UTARA
2446,2020-05-11,0,0,5,-5,132,12,1,119,KALIMANTAN UTARA
2447,2020-05-12,6,0,6,0,138,18,1,119,KALIMANTAN UTARA
2448,2020-05-13,0,0,2,-2,138,20,1,117,KALIMANTAN UTARA
2449,2020-05-14,3,0,9,-6,141,29,1,111,KALIMANTAN UTARA
2450,2020-05-15,12,0,12,0,153,41,1,111,KALIMANTAN UTARA
2451,2020-05-16,2,0,0,2,155,41,1,113,KALIMANTAN UTARA
2452,2020-05-17,0,0,5,-5,155,46,1,108,KALIMANTAN UTARA
2453,2020-05-18,5,0,5,0,160,51,1,108,KALIMANTAN UTARA
2454,2020-05-19,0,0,0,0,160,51,1,108,KALIMANTAN UTARA
2455,2020-05-20,2,0,3,-1,162,54,1,107,KALIMANTAN UTARA
2456,2020-05-21,1,0,3,-2,163,57,1,105,KALIMANTAN UTARA
2457,2020-05-22,0,0,0,0,163,57,1,105,KALIMANTAN UTARA
2458,2020-05-23,1,0,2,-1,164,59,1,104,KALIMANTAN UTARA
2459,2020-05-24,0,0,7,-7,164,66,1,97,KALIMANTAN UTARA
2460,2020-05-25,0,1,3,-4,164,69,2,93,KALIMANTAN UTARA
2461,2020-05-26,1,0,0,1,165,69,2,94,KALIMANTAN UTARA
2462,2020-05-27,0,0,1,-1,165,70,2,93,KALIMANTAN UTARA
2463,2020-05-28,0,0,2,-2,165,72,2,91,KALIMANTAN UTARA
2464,2020-05-29,0,0,0,0,165,72,2,91,KALIMANTAN UTARA
2465,2020-05-30,0,0,0,0,165,72,2,91,KALIMANTAN UTARA
2466,2020-05-31,0,0,8,-8,165,80,2,83,KALIMANTAN UTARA
2467,2020-06-01,0,0,2,-2,165,82,2,81,KALIMANTAN UTARA
2468,2020-06-02,0,0,7,-7,165,89,2,74,KALIMANTAN UTARA
2469,2020-06-03,0,0,0,0,165,89,2,74,KALIMANTAN UTARA
2470,2020-06-04,2,0,5,-3,167,94,2,71,KALIMANTAN UTARA
2471,2020-06-05,1,0,14,-13,168,108,2,58,KALIMANTAN UTARA
2472,2020-06-06,1,0,11,-10,169,119,2,48,KALIMANTAN UTARA
2473,2020-06-07,0,0,10,-10,169,129,2,38,KALIMANTAN UTARA
2474,2020-06-08,1,0,1,0,170,130,2,38,KALIMANTAN UTARA
2475,2020-06-09,0,0,3,-3,170,133,2,35,KALIMANTAN UTARA
2476,2020-06-10,0,0,2,-2,170,135,2,33,KALIMANTAN UTARA
2477,2020-06-11,0,0,0,0,170,135,2,33,KALIMANTAN UTARA
2478,2020-06-12,0,0,2,-2,170,137,2,31,KALIMANTAN UTARA
2479,2020-06-13,0,0,0,0,170,137,2,31,KALIMANTAN UTARA
2480,2020-06-14,0,0,0,0,170,137,2,31,KALIMANTAN UTARA
2481,2020-06-15,1,0,8,-7,171,145,2,24,KALIMANTAN UTARA
2482,2020-06-16,0,0,0,0,171,145,2,24,KALIMANTAN UTARA
2483,2020-06-17,0,0,2,-2,171,147,2,22,KALIMANTAN UTARA
2484,2020-06-18,2,0,2,0,173,149,2,22,KALIMANTAN UTARA
2485,2020-06-19,2,0,0,2,175,149,2,24,KALIMANTAN UTARA
2486,2020-06-20,1,0,0,1,176,149,2,25,KALIMANTAN UTARA
2487,2020-06-21,1,0,0,1,177,149,2,26,KALIMANTAN UTARA
2488,2020-06-22,0,0,0,0,177,149,2,26,KALIMANTAN UTARA
2489,2020-06-23,2,0,2,0,179,151,2,26,KALIMANTAN UTARA
2490,2020-06-24,9,0,0,9,188,151,2,35,KALIMANTAN UTARA
2491,2020-06-25,9,0,0,9,197,151,2,44,KALIMANTAN UTARA
2492,2020-06-26,4,0,3,1,201,154,2,45,KALIMANTAN UTARA
2493,2020-06-27,0,0,3,-3,201,157,2,42,KALIMANTAN UTARA
2494,2020-06-28,3,0,0,3,204,157,2,45,KALIMANTAN UTARA
2495,2020-06-29,2,0,2,0,206,159,2,45,KALIMANTAN UTARA
2496,2020-06-30,0,0,5,-5,206,164,2,40,KALIMANTAN UTARA
2497,2020-07-01,0,0,1,-1,206,165,2,39,KALIMANTAN UTARA
2498,2020-07-02,0,0,6,-6,206,171,2,33,KALIMANTAN UTARA
2499,2020-07-03,0,0,3,-3,206,174,2,30,KALIMANTAN UTARA
2500,2020-07-04,0,0,0,0,206,174,2,30,KALIMANTAN UTARA
2501,2020-07-05,0,0,0,0,206,174,2,30,KALIMANTAN UTARA
2502,2020-07-06,0,0,3,-3,206,177,2,27,KALIMANTAN UTARA
2503,2020-07-07,0,0,1,-1,206,178,2,26,KALIMANTAN UTARA
2504,2020-07-08,8,0,9,-1,214,187,2,25,KALIMANTAN UTARA
2505,2020-07-09,0,0,1,-1,214,188,2,24,KALIMANTAN UTARA
2506,2020-07-10,0,0,0,0,214,188,2,24,KALIMANTAN UTARA
2507,2020-07-11,0,0,0,0,214,188,2,24,KALIMANTAN UTARA
2508,2020-07-12,1,0,0,1,215,188,2,25,KALIMANTAN UTARA
2509,2020-07-13,0,0,0,0,215,188,2,25,KALIMANTAN UTARA
2510,2020-07-14,0,0,0,0,215,188,2,25,KALIMANTAN UTARA
2511,2020-07-15,0,0,1,-1,215,189,2,24,KALIMANTAN UTARA
2512,2020-07-16,1,0,2,-1,216,191,2,23,KALIMANTAN UTARA
2513,2020-07-17,0,0,1,-1,216,192,2,22,KALIMANTAN UTARA
2514,2020-07-18,0,0,0,0,216,192,2,22,KALIMANTAN UTARA
2515,2020-07-19,1,0,17,-16,217,209,2,6,KALIMANTAN UTARA
2516,2020-07-20,0,0,0,0,217,209,2,6,KALIMANTAN UTARA
2517,2020-07-21,0,0,0,0,217,209,2,6,KALIMANTAN UTARA
2518,2020-07-22,1,0,0,1,218,209,2,7,KALIMANTAN UTARA
2519,2020-07-23,0,0,2,-2,218,211,2,5,KALIMANTAN UTARA
2520,2020-07-24,48,0,1,47,266,212,2,52,KALIMANTAN UTARA
2521,2020-07-25,0,0,0,0,266,212,2,52,KALIMANTAN UTARA
2522,2020-07-26,0,0,2,-2,266,214,2,50,KALIMANTAN UTARA
2523,2020-07-27,2,0,0,2,268,214,2,52,KALIMANTAN UTARA
2524,2020-07-28,0,0,0,0,268,214,2,52,KALIMANTAN UTARA
2525,2020-07-29,12,0,0,12,280,214,2,64,KALIMANTAN UTARA
2526,2020-07-30,3,0,0,3,283,214,2,67,KALIMANTAN UTARA
2527,2020-07-31,1,0,0,1,284,214,2,68,KALIMANTAN UTARA
2528,2020-08-01,0,0,0,0,284,214,2,68,KALIMANTAN UTARA
2529,2020-08-02,0,0,1,-1,284,215,2,67,KALIMANTAN UTARA
2530,2020-08-03,3,0,50,-47,287,265,2,20,KALIMANTAN UTARA
2531,2020-08-04,0,0,0,0,287,265,2,20,KALIMANTAN UTARA
2532,2020-08-05,4,0,0,4,291,265,2,24,KALIMANTAN UTARA
2533,2020-08-06,0,0,0,0,291,265,2,24,KALIMANTAN UTARA
2534,2020-08-07,1,0,0,1,292,265,2,25,KALIMANTAN UTARA
2535,2020-08-08,2,0,1,1,294,266,2,26,KALIMANTAN UTARA
2536,2020-08-09,2,0,13,-11,296,279,2,15,KALIMANTAN UTARA
2537,2020-08-10,3,0,0,3,299,279,2,18,KALIMANTAN UTARA
2538,2020-08-11,4,0,0,4,303,279,2,22,KALIMANTAN UTARA
2539,2020-08-12,9,0,7,2,312,286,2,24,KALIMANTAN UTARA
2540,2020-08-13,0,0,0,0,312,286,2,24,KALIMANTAN UTARA
2541,2020-08-14,13,0,0,13,325,286,2,37,KALIMANTAN UTARA
2542,2020-03-29,1,2,0,-1,1,0,2,-1,KEPULAUAN RIAU
2543,2020-03-30,1,0,0,1,2,0,2,0,KEPULAUAN RIAU
2544,2020-03-31,0,0,0,0,2,0,2,0,KEPULAUAN RIAU
2545,2020-04-01,0,1,2,-3,2,2,3,-3,KEPULAUAN RIAU
2546,2020-04-02,2,0,0,2,4,2,3,-1,KEPULAUAN RIAU
2547,2020-04-03,0,0,0,0,4,2,3,-1,KEPULAUAN RIAU
2548,2020-04-04,1,0,0,1,5,2,3,0,KEPULAUAN RIAU
2549,2020-04-05,0,0,0,0,5,2,3,0,KEPULAUAN RIAU
2550,2020-04-06,0,0,0,0,5,2,3,0,KEPULAUAN RIAU
2551,2020-04-07,0,0,0,0,5,2,3,0,KEPULAUAN RIAU
2552,2020-04-08,11,0,0,11,16,2,3,11,KEPULAUAN RIAU
2553,2020-04-09,0,0,0,0,16,2,3,11,KEPULAUAN RIAU
2554,2020-04-10,0,1,0,-1,16,2,4,10,KEPULAUAN RIAU
2555,2020-04-11,0,1,0,-1,16,2,5,9,KEPULAUAN RIAU
2556,2020-04-12,0,0,0,0,16,2,5,9,KEPULAUAN RIAU
2557,2020-04-13,6,1,0,5,22,2,6,14,KEPULAUAN RIAU
2558,2020-04-14,5,0,3,2,27,5,6,16,KEPULAUAN RIAU
2559,2020-04-15,7,0,0,7,34,5,6,23,KEPULAUAN RIAU
2560,2020-04-16,19,0,1,18,53,6,6,41,KEPULAUAN RIAU
2561,2020-04-17,21,0,0,21,74,6,6,62,KEPULAUAN RIAU
2562,2020-04-18,0,0,0,0,74,6,6,62,KEPULAUAN RIAU
2563,2020-04-19,0,1,2,-3,74,8,7,59,KEPULAUAN RIAU
2564,2020-04-20,2,0,1,1,76,9,7,60,KEPULAUAN RIAU
2565,2020-04-21,0,0,0,0,76,9,7,60,KEPULAUAN RIAU
2566,2020-04-22,2,0,0,2,78,9,7,62,KEPULAUAN RIAU
2567,2020-04-23,0,0,0,0,78,9,7,62,KEPULAUAN RIAU
2568,2020-04-24,0,0,2,-2,78,11,7,60,KEPULAUAN RIAU
2569,2020-04-25,2,0,0,2,80,11,7,62,KEPULAUAN RIAU
2570,2020-04-26,1,0,0,1,81,11,7,63,KEPULAUAN RIAU
2571,2020-04-27,3,1,0,2,84,11,8,65,KEPULAUAN RIAU
2572,2020-04-28,0,0,4,-4,84,15,8,61,KEPULAUAN RIAU
2573,2020-04-29,0,0,0,0,84,15,8,61,KEPULAUAN RIAU
2574,2020-04-30,0,0,24,-24,84,39,8,37,KEPULAUAN RIAU
2575,2020-05-01,0,0,9,-9,84,48,8,28,KEPULAUAN RIAU
2576,2020-05-02,3,1,1,1,87,49,9,29,KEPULAUAN RIAU
2577,2020-05-03,0,0,3,-3,87,52,9,26,KEPULAUAN RIAU
2578,2020-05-04,5,0,3,2,92,55,9,28,KEPULAUAN RIAU
2579,2020-05-05,1,0,6,-5,93,61,9,23,KEPULAUAN RIAU
2580,2020-05-06,0,0,1,-1,93,62,9,22,KEPULAUAN RIAU
2581,2020-05-07,2,0,6,-4,95,68,9,18,KEPULAUAN RIAU
2582,2020-05-08,1,1,1,-1,96,69,10,17,KEPULAUAN RIAU
2583,2020-05-09,0,0,1,-1,96,70,10,16,KEPULAUAN RIAU
2584,2020-05-10,3,0,6,-3,99,76,10,13,KEPULAUAN RIAU
2585,2020-05-11,2,0,2,0,101,78,10,13,KEPULAUAN RIAU
2586,2020-05-12,5,0,0,5,106,78,10,18,KEPULAUAN RIAU
2587,2020-05-13,0,0,0,0,106,78,10,18,KEPULAUAN RIAU
2588,2020-05-14,4,0,3,1,110,81,10,19,KEPULAUAN RIAU
2589,2020-05-15,1,0,0,1,111,81,10,20,KEPULAUAN RIAU
2590,2020-05-16,0,1,0,-1,111,81,11,19,KEPULAUAN RIAU
2591,2020-05-17,11,0,0,11,122,81,11,30,KEPULAUAN RIAU
2592,2020-05-18,13,0,0,13,135,81,11,43,KEPULAUAN RIAU
2593,2020-05-19,0,0,0,0,135,81,11,43,KEPULAUAN RIAU
2594,2020-05-20,0,0,0,0,135,81,11,43,KEPULAUAN RIAU
2595,2020-05-21,1,0,4,-3,136,85,11,40,KEPULAUAN RIAU
2596,2020-05-22,8,1,1,6,144,86,12,46,KEPULAUAN RIAU
2597,2020-05-23,4,0,0,4,148,86,12,50,KEPULAUAN RIAU
2598,2020-05-24,0,0,0,0,148,86,12,50,KEPULAUAN RIAU
2599,2020-05-25,0,1,1,-2,148,87,13,48,KEPULAUAN RIAU
2600,2020-05-26,8,0,2,6,156,89,13,54,KEPULAUAN RIAU
2601,2020-05-27,13,1,7,5,169,96,14,59,KEPULAUAN RIAU
2602,2020-05-28,3,0,5,-2,172,101,14,57,KEPULAUAN RIAU
2603,2020-05-29,18,0,0,18,190,101,14,75,KEPULAUAN RIAU
2604,2020-05-30,0,1,0,-1,190,101,15,74,KEPULAUAN RIAU
2605,2020-05-31,0,0,0,0,190,101,15,74,KEPULAUAN RIAU
2606,2020-06-01,12,0,0,12,202,101,15,86,KEPULAUAN RIAU
2607,2020-06-02,0,0,1,-1,202,102,15,85,KEPULAUAN RIAU
2608,2020-06-03,11,0,1,10,213,103,15,95,KEPULAUAN RIAU
2609,2020-06-04,3,0,11,-8,216,114,15,87,KEPULAUAN RIAU
2610,2020-06-05,4,0,5,-1,220,119,15,86,KEPULAUAN RIAU
2611,2020-06-06,1,0,0,1,221,119,15,87,KEPULAUAN RIAU
2612,2020-06-07,1,0,2,-1,222,121,15,86,KEPULAUAN RIAU
2613,2020-06-08,0,0,1,-1,222,122,15,85,KEPULAUAN RIAU
2614,2020-06-09,0,0,5,-5,222,127,15,80,KEPULAUAN RIAU
2615,2020-06-10,10,0,0,10,232,127,15,90,KEPULAUAN RIAU
2616,2020-06-11,0,0,10,-10,232,137,15,80,KEPULAUAN RIAU
2617,2020-06-12,1,0,6,-5,233,143,15,75,KEPULAUAN RIAU
2618,2020-06-13,0,0,13,-13,233,156,15,62,KEPULAUAN RIAU
2619,2020-06-14,15,0,3,12,248,159,15,74,KEPULAUAN RIAU
2620,2020-06-15,0,0,2,-2,248,161,15,72,KEPULAUAN RIAU
2621,2020-06-16,9,0,10,-1,257,171,15,71,KEPULAUAN RIAU
2622,2020-06-17,1,0,0,1,258,171,15,72,KEPULAUAN RIAU
2623,2020-06-18,0,0,10,-10,258,181,15,62,KEPULAUAN RIAU
2624,2020-06-19,1,0,1,0,259,182,15,62,KEPULAUAN RIAU
2625,2020-06-20,14,0,0,14,273,182,15,76,KEPULAUAN RIAU
2626,2020-06-21,3,0,9,-6,276,191,15,70,KEPULAUAN RIAU
2627,2020-06-22,0,0,1,-1,276,192,15,69,KEPULAUAN RIAU
2628,2020-06-23,3,0,2,1,279,194,15,70,KEPULAUAN RIAU
2629,2020-06-24,7,0,12,-5,286,206,15,65,KEPULAUAN RIAU
2630,2020-06-25,0,0,11,-11,286,217,15,54,KEPULAUAN RIAU
2631,2020-06-26,0,0,17,-17,286,234,15,37,KEPULAUAN RIAU
2632,2020-06-27,2,0,2,0,288,236,15,37,KEPULAUAN RIAU
2633,2020-06-28,0,0,3,-3,288,239,15,34,KEPULAUAN RIAU
2634,2020-06-29,0,0,2,-2,288,241,15,32,KEPULAUAN RIAU
2635,2020-06-30,9,0,1,8,297,242,15,40,KEPULAUAN RIAU
2636,2020-07-01,5,0,11,-6,302,253,15,34,KEPULAUAN RIAU
2637,2020-07-02,3,0,4,-1,305,257,15,33,KEPULAUAN RIAU
2638,2020-07-03,1,0,0,1,306,257,15,34,KEPULAUAN RIAU
2639,2020-07-04,2,0,4,-2,308,261,15,32,KEPULAUAN RIAU
2640,2020-07-05,0,0,0,0,308,261,15,32,KEPULAUAN RIAU
2641,2020-07-06,0,0,5,-5,308,266,15,27,KEPULAUAN RIAU
2642,2020-07-07,5,0,12,-7,313,278,15,20,KEPULAUAN RIAU
2643,2020-07-08,3,0,0,3,316,278,15,23,KEPULAUAN RIAU
2644,2020-07-09,0,0,5,-5,316,283,15,18,KEPULAUAN RIAU
2645,2020-07-10,6,0,7,-1,322,290,15,17,KEPULAUAN RIAU
2646,2020-07-11,5,0,1,4,327,291,15,21,KEPULAUAN RIAU
2647,2020-07-12,0,0,1,-1,327,292,15,20,KEPULAUAN RIAU
2648,2020-07-13,5,0,0,5,332,292,15,25,KEPULAUAN RIAU
2649,2020-07-14,4,0,5,-1,336,297,15,24,KEPULAUAN RIAU
2650,2020-07-15,0,0,0,0,336,297,15,24,KEPULAUAN RIAU
2651,2020-07-16,0,0,0,0,336,297,15,24,KEPULAUAN RIAU
2652,2020-07-17,3,0,0,3,339,297,15,27,KEPULAUAN RIAU
2653,2020-07-18,1,0,0,1,340,297,15,28,KEPULAUAN RIAU
2654,2020-07-19,0,0,2,-2,340,299,15,26,KEPULAUAN RIAU
2655,2020-07-20,0,0,0,0,340,299,15,26,KEPULAUAN RIAU
2656,2020-07-21,4,0,0,4,344,299,15,30,KEPULAUAN RIAU
2657,2020-07-22,0,0,5,-5,344,304,15,25,KEPULAUAN RIAU
2658,2020-07-23,2,0,8,-6,346,312,15,19,KEPULAUAN RIAU
2659,2020-07-24,3,0,1,2,349,313,15,21,KEPULAUAN RIAU
2660,2020-07-25,1,1,0,0,350,313,16,21,KEPULAUAN RIAU
2661,2020-07-26,0,0,0,0,350,313,16,21,KEPULAUAN RIAU
2662,2020-07-27,7,1,6,0,357,319,17,21,KEPULAUAN RIAU
2663,2020-07-28,8,1,0,7,365,319,18,28,KEPULAUAN RIAU
2664,2020-07-29,0,0,0,0,365,319,18,28,KEPULAUAN RIAU
2665,2020-07-30,77,1,0,76,442,319,19,104,KEPULAUAN RIAU
2666,2020-07-31,44,0,0,44,486,319,19,148,KEPULAUAN RIAU
2667,2020-08-01,2,0,0,2,488,319,19,150,KEPULAUAN RIAU
2668,2020-08-02,0,0,0,0,488,319,19,150,KEPULAUAN RIAU
2669,2020-08-03,0,0,0,0,488,319,19,150,KEPULAUAN RIAU
2670,2020-08-04,7,3,0,4,495,319,22,154,KEPULAUAN RIAU
2671,2020-08-05,0,0,0,0,495,319,22,154,KEPULAUAN RIAU
2672,2020-08-06,17,0,1,16,512,320,22,170,KEPULAUAN RIAU
2673,2020-08-07,9,0,0,9,521,320,22,179,KEPULAUAN RIAU
2674,2020-08-08,8,1,0,7,529,320,23,186,KEPULAUAN RIAU
2675,2020-08-09,21,0,9,12,550,329,23,198,KEPULAUAN RIAU
2676,2020-08-10,17,0,6,11,567,335,23,209,KEPULAUAN RIAU
2677,2020-08-11,27,1,1,25,594,336,24,234,KEPULAUAN RIAU
2678,2020-08-12,14,1,11,2,608,347,25,236,KEPULAUAN RIAU
2679,2020-08-13,12,0,16,-4,620,363,25,232,KEPULAUAN RIAU
2680,2020-08-14,22,0,6,16,642,369,25,248,KEPULAUAN RIAU
2681,2020-03-28,5,0,2,3,5,2,0,3,KALIMANTAN BARAT
2682,2020-03-29,1,0,0,1,6,2,0,4,KALIMANTAN BARAT
2683,2020-03-30,0,0,0,0,6,2,0,4,KALIMANTAN BARAT
2684,2020-03-31,1,0,0,1,7,2,0,5,KALIMANTAN BARAT
2685,2020-04-01,0,1,0,-1,7,2,1,4,KALIMANTAN BARAT
2686,2020-04-02,0,0,0,0,7,2,1,4,KALIMANTAN BARAT
2687,2020-04-03,0,0,0,0,7,2,1,4,KALIMANTAN BARAT
2688,2020-04-04,0,0,0,0,7,2,1,4,KALIMANTAN BARAT
2689,2020-04-05,0,0,0,0,7,2,1,4,KALIMANTAN BARAT
2690,2020-04-06,0,0,1,-1,7,3,1,3,KALIMANTAN BARAT
2691,2020-04-07,0,0,0,0,7,3,1,3,KALIMANTAN BARAT
2692,2020-04-08,0,0,0,0,7,3,1,3,KALIMANTAN BARAT
2693,2020-04-09,0,0,0,0,7,3,1,3,KALIMANTAN BARAT
2694,2020-04-10,0,0,0,0,7,3,1,3,KALIMANTAN BARAT
2695,2020-04-11,3,0,0,3,10,3,1,6,KALIMANTAN BARAT
2696,2020-04-12,0,0,0,0,10,3,1,6,KALIMANTAN BARAT
2697,2020-04-13,0,0,2,-2,10,5,1,4,KALIMANTAN BARAT
2698,2020-04-14,0,0,0,0,10,5,1,4,KALIMANTAN BARAT
2699,2020-04-15,8,0,0,8,18,5,1,12,KALIMANTAN BARAT
2700,2020-04-16,0,0,0,0,18,5,1,12,KALIMANTAN BARAT
2701,2020-04-17,0,0,0,0,18,5,1,12,KALIMANTAN BARAT
2702,2020-04-18,0,0,0,0,18,5,1,12,KALIMANTAN BARAT
2703,2020-04-19,0,0,0,0,18,5,1,12,KALIMANTAN BARAT
2704,2020-04-20,6,0,1,5,24,6,1,17,KALIMANTAN BARAT
2705,2020-04-21,4,0,1,3,28,7,1,20,KALIMANTAN BARAT
2706,2020-04-22,19,0,0,19,47,7,1,39,KALIMANTAN BARAT
2707,2020-04-23,0,0,0,0,47,7,1,39,KALIMANTAN BARAT
2708,2020-04-24,1,0,0,1,48,7,1,40,KALIMANTAN BARAT
2709,2020-04-25,0,0,0,0,48,7,1,40,KALIMANTAN BARAT
2710,2020-04-26,0,0,0,0,48,7,1,40,KALIMANTAN BARAT
2711,2020-04-27,0,0,0,0,48,7,1,40,KALIMANTAN BARAT
2712,2020-04-28,7,0,0,7,55,7,1,47,KALIMANTAN BARAT
2713,2020-04-29,0,0,0,0,55,7,1,47,KALIMANTAN BARAT
2714,2020-04-30,3,0,0,3,58,7,1,50,KALIMANTAN BARAT
2715,2020-05-01,7,0,0,7,65,7,1,57,KALIMANTAN BARAT
2716,2020-05-02,2,0,0,2,67,7,1,59,KALIMANTAN BARAT
2717,2020-05-03,3,0,0,3,70,7,1,62,KALIMANTAN BARAT
2718,2020-05-04,0,0,0,0,70,7,1,62,KALIMANTAN BARAT
2719,2020-05-05,17,0,3,14,87,10,1,76,KALIMANTAN BARAT
2720,2020-05-06,5,0,0,5,92,10,1,81,KALIMANTAN BARAT
2721,2020-05-07,0,0,0,0,92,10,1,81,KALIMANTAN BARAT
2722,2020-05-08,23,0,0,23,115,10,1,104,KALIMANTAN BARAT
2723,2020-05-09,2,0,0,2,117,10,1,106,KALIMANTAN BARAT
2724,2020-05-10,0,0,0,0,117,10,1,106,KALIMANTAN BARAT
2725,2020-05-11,3,0,9,-6,120,19,1,100,KALIMANTAN BARAT
2726,2020-05-12,6,1,2,3,126,21,2,103,KALIMANTAN BARAT
2727,2020-05-13,0,0,0,0,126,21,2,103,KALIMANTAN BARAT
2728,2020-05-14,0,0,0,0,126,21,2,103,KALIMANTAN BARAT
2729,2020-05-15,2,0,0,2,128,21,2,105,KALIMANTAN BARAT
2730,2020-05-16,1,0,2,-1,129,23,2,104,KALIMANTAN BARAT
2731,2020-05-17,0,0,8,-8,129,31,2,96,KALIMANTAN BARAT
2732,2020-05-18,0,0,0,0,129,31,2,96,KALIMANTAN BARAT
2733,2020-05-19,0,0,0,0,129,31,2,96,KALIMANTAN BARAT
2734,2020-05-20,1,0,5,-4,130,36,2,92,KALIMANTAN BARAT
2735,2020-05-21,7,0,1,6,137,37,2,98,KALIMANTAN BARAT
2736,2020-05-22,28,0,0,28,165,37,2,126,KALIMANTAN BARAT
2737,2020-05-23,0,0,0,0,165,37,2,126,KALIMANTAN BARAT
2738,2020-05-24,7,0,5,2,172,42,2,128,KALIMANTAN BARAT
2739,2020-05-25,1,0,1,0,173,43,2,128,KALIMANTAN BARAT
2740,2020-05-26,7,0,0,7,180,43,2,135,KALIMANTAN BARAT
2741,2020-05-27,1,0,0,1,181,43,2,136,KALIMANTAN BARAT
2742,2020-05-28,0,0,3,-3,181,46,2,133,KALIMANTAN BARAT
2743,2020-05-29,0,0,0,0,181,46,2,133,KALIMANTAN BARAT
2744,2020-05-30,5,0,5,0,186,51,2,133,KALIMANTAN BARAT
2745,2020-05-31,7,0,3,4,193,54,2,137,KALIMANTAN BARAT
2746,2020-06-01,0,0,0,0,193,54,2,137,KALIMANTAN BARAT
2747,2020-06-02,6,0,24,-18,199,78,2,119,KALIMANTAN BARAT
2748,2020-06-03,0,0,15,-15,199,93,2,104,KALIMANTAN BARAT
2749,2020-06-04,3,0,15,-12,202,108,2,92,KALIMANTAN BARAT
2750,2020-06-05,5,0,5,0,207,113,2,92,KALIMANTAN BARAT
2751,2020-06-06,0,0,0,0,207,113,2,92,KALIMANTAN BARAT
2752,2020-06-07,0,0,3,-3,207,116,2,89,KALIMANTAN BARAT
2753,2020-06-08,24,0,1,23,231,117,2,112,KALIMANTAN BARAT
2754,2020-06-09,11,0,20,-9,242,137,2,103,KALIMANTAN BARAT
2755,2020-06-10,0,0,7,-7,242,144,2,96,KALIMANTAN BARAT
2756,2020-06-11,22,0,1,21,264,145,2,117,KALIMANTAN BARAT
2757,2020-06-12,0,0,4,-4,264,149,2,113,KALIMANTAN BARAT
2758,2020-06-13,1,0,9,-8,265,158,2,105,KALIMANTAN BARAT
2759,2020-06-14,0,0,7,-7,265,165,2,98,KALIMANTAN BARAT
2760,2020-06-15,2,0,1,1,267,166,2,99,KALIMANTAN BARAT
2761,2020-06-16,12,0,0,12,279,166,2,111,KALIMANTAN BARAT
2762,2020-06-17,0,0,6,-6,279,172,2,105,KALIMANTAN BARAT
2763,2020-06-18,14,0,13,1,293,185,2,106,KALIMANTAN BARAT
2764,2020-06-19,2,0,9,-7,295,194,2,99,KALIMANTAN BARAT
2765,2020-06-20,0,0,21,-21,295,215,2,78,KALIMANTAN BARAT
2766,2020-06-21,0,0,3,-3,295,218,2,75,KALIMANTAN BARAT
2767,2020-06-22,15,0,4,11,310,222,2,86,KALIMANTAN BARAT
2768,2020-06-23,0,0,5,-5,310,227,2,81,KALIMANTAN BARAT
2769,2020-06-24,0,0,7,-7,310,234,2,74,KALIMANTAN BARAT
2770,2020-06-25,0,0,6,-6,310,240,2,68,KALIMANTAN BARAT
2771,2020-06-26,8,0,10,-2,318,250,2,66,KALIMANTAN BARAT
2772,2020-06-27,0,0,8,-8,318,258,2,58,KALIMANTAN BARAT
2773,2020-06-28,0,0,4,-4,318,262,2,54,KALIMANTAN BARAT
2774,2020-06-29,0,0,5,-5,318,267,2,49,KALIMANTAN BARAT
2775,2020-06-30,15,0,3,12,333,270,2,61,KALIMANTAN BARAT
2776,2020-07-01,0,0,0,0,333,270,2,61,KALIMANTAN BARAT
2777,2020-07-02,0,0,6,-6,333,276,2,55,KALIMANTAN BARAT
2778,2020-07-03,0,0,4,-4,333,280,2,51,KALIMANTAN BARAT
2779,2020-07-04,3,0,19,-16,336,299,2,35,KALIMANTAN BARAT
2780,2020-07-05,0,0,0,0,336,299,2,35,KALIMANTAN BARAT
2781,2020-07-06,5,0,5,0,341,304,2,35,KALIMANTAN BARAT
2782,2020-07-07,0,0,1,-1,341,305,2,34,KALIMANTAN BARAT
2783,2020-07-08,3,0,2,1,344,307,2,35,KALIMANTAN BARAT
2784,2020-07-09,0,0,0,0,344,307,2,35,KALIMANTAN BARAT
2785,2020-07-10,0,0,19,-19,344,326,2,16,KALIMANTAN BARAT
2786,2020-07-11,3,0,0,3,347,326,2,19,KALIMANTAN BARAT
2787,2020-07-12,5,0,1,4,352,327,2,23,KALIMANTAN BARAT
2788,2020-07-13,0,0,12,-12,352,339,2,11,KALIMANTAN BARAT
2789,2020-07-14,0,0,0,0,352,339,2,11,KALIMANTAN BARAT
2790,2020-07-15,4,0,1,3,356,340,2,14,KALIMANTAN BARAT
2791,2020-07-16,0,0,0,0,356,340,2,14,KALIMANTAN BARAT
2792,2020-07-17,0,0,6,-6,356,346,2,8,KALIMANTAN BARAT
2793,2020-07-18,0,0,4,-4,356,350,2,4,KALIMANTAN BARAT
2794,2020-07-19,0,0,0,0,356,350,2,4,KALIMANTAN BARAT
2795,2020-07-20,0,0,0,0,356,350,2,4,KALIMANTAN BARAT
2796,2020-07-21,0,0,4,-4,356,354,2,0,KALIMANTAN BARAT
2797,2020-07-22,0,0,0,0,356,354,2,0,KALIMANTAN BARAT
2798,2020-07-23,0,0,0,0,356,354,2,0,KALIMANTAN BARAT
2799,2020-07-24,6,0,0,6,362,354,2,6,KALIMANTAN BARAT
2800,2020-07-25,0,0,0,0,362,354,2,6,KALIMANTAN BARAT
2801,2020-07-26,0,0,0,0,362,354,2,6,KALIMANTAN BARAT
2802,2020-07-27,16,0,0,16,378,354,2,22,KALIMANTAN BARAT
2803,2020-07-28,0,0,0,0,378,354,2,22,KALIMANTAN BARAT
2804,2020-07-29,0,0,0,0,378,354,2,22,KALIMANTAN BARAT
2805,2020-07-30,6,0,0,6,384,354,2,28,KALIMANTAN BARAT
2806,2020-07-31,0,0,0,0,384,354,2,28,KALIMANTAN BARAT
2807,2020-08-01,0,0,0,0,384,354,2,28,KALIMANTAN BARAT
2808,2020-08-02,0,0,0,0,384,354,2,28,KALIMANTAN BARAT
2809,2020-08-03,0,0,16,-16,384,370,2,12,KALIMANTAN BARAT
2810,2020-08-04,0,0,0,0,384,370,2,12,KALIMANTAN BARAT
2811,2020-08-05,7,0,0,7,391,370,2,19,KALIMANTAN BARAT
2812,2020-08-06,3,0,3,0,394,373,2,19,KALIMANTAN BARAT
2813,2020-08-07,0,0,0,0,394,373,2,19,KALIMANTAN BARAT
2814,2020-08-08,13,0,6,7,407,379,2,26,KALIMANTAN BARAT
2815,2020-08-09,6,0,0,6,413,379,2,32,KALIMANTAN BARAT
2816,2020-08-10,4,0,0,4,417,379,2,36,KALIMANTAN BARAT
2817,2020-08-11,9,0,0,9,426,379,2,45,KALIMANTAN BARAT
2818,2020-08-12,10,0,18,-8,436,397,2,37,KALIMANTAN BARAT
2819,2020-08-13,5,0,1,4,441,398,2,41,KALIMANTAN BARAT
2820,2020-08-14,3,0,6,-3,444,404,2,38,KALIMANTAN BARAT
2821,2020-03-09,1,0,0,1,1,0,0,1,SULAWESI TENGGARA
2822,2020-03-10,0,0,0,0,1,0,0,1,SULAWESI TENGGARA
2823,2020-03-11,0,0,0,0,1,0,0,1,SULAWESI TENGGARA
2824,2020-03-12,0,0,0,0,1,0,0,1,SULAWESI TENGGARA
2825,2020-03-13,0,0,0,0,1,0,0,1,SULAWESI TENGGARA
2826,2020-03-14,0,0,0,0,1,0,0,1,SULAWESI TENGGARA
2827,2020-03-15,2,0,0,2,3,0,0,3,SULAWESI TENGGARA
2828,2020-03-16,0,0,0,0,3,0,0,3,SULAWESI TENGGARA
2829,2020-03-17,0,0,0,0,3,0,0,3,SULAWESI TENGGARA
2830,2020-03-18,0,0,0,0,3,0,0,3,SULAWESI TENGGARA
2831,2020-03-19,0,0,0,0,3,0,0,3,SULAWESI TENGGARA
2832,2020-03-20,0,0,0,0,3,0,0,3,SULAWESI TENGGARA
2833,2020-03-21,0,0,0,0,3,0,0,3,SULAWESI TENGGARA
2834,2020-03-22,0,0,0,0,3,0,0,3,SULAWESI TENGGARA
2835,2020-03-23,0,0,0,0,3,0,0,3,SULAWESI TENGGARA
2836,2020-03-24,0,0,0,0,3,0,0,3,SULAWESI TENGGARA
2837,2020-03-25,0,0,0,0,3,0,0,3,SULAWESI TENGGARA
2838,2020-03-26,0,0,0,0,3,0,0,3,SULAWESI TENGGARA
2839,2020-03-27,0,0,0,0,3,0,0,3,SULAWESI TENGGARA
2840,2020-03-28,0,0,0,0,3,0,0,3,SULAWESI TENGGARA
2841,2020-03-29,0,0,0,0,3,0,0,3,SULAWESI TENGGARA
2842,2020-03-30,0,0,0,0,3,0,0,3,SULAWESI TENGGARA
2843,2020-03-31,0,0,0,0,3,0,0,3,SULAWESI TENGGARA
2844,2020-04-01,0,0,0,0,3,0,0,3,SULAWESI TENGGARA
2845,2020-04-02,2,0,0,2,5,0,0,5,SULAWESI TENGGARA
2846,2020-04-03,0,0,1,-1,5,1,0,4,SULAWESI TENGGARA
2847,2020-04-04,0,0,0,0,5,1,0,4,SULAWESI TENGGARA
2848,2020-04-05,1,0,0,1,6,1,0,5,SULAWESI TENGGARA
2849,2020-04-06,0,0,0,0,6,1,0,5,SULAWESI TENGGARA
2850,2020-04-07,4,0,0,4,10,1,0,9,SULAWESI TENGGARA
2851,2020-04-08,5,0,0,5,15,1,0,14,SULAWESI TENGGARA
2852,2020-04-09,0,0,0,0,15,1,0,14,SULAWESI TENGGARA
2853,2020-04-10,1,1,0,0,16,1,1,14,SULAWESI TENGGARA
2854,2020-04-11,0,0,0,0,16,1,1,14,SULAWESI TENGGARA
2855,2020-04-12,0,0,0,0,16,1,1,14,SULAWESI TENGGARA
2856,2020-04-13,0,0,0,0,16,1,1,14,SULAWESI TENGGARA
2857,2020-04-14,8,0,3,5,24,4,1,19,SULAWESI TENGGARA
2858,2020-04-15,3,0,0,3,27,4,1,22,SULAWESI TENGGARA
2859,2020-04-16,0,0,0,0,27,4,1,22,SULAWESI TENGGARA
2860,2020-04-17,0,1,0,-1,27,4,2,21,SULAWESI TENGGARA
2861,2020-04-18,9,0,0,9,36,4,2,30,SULAWESI TENGGARA
2862,2020-04-19,0,0,0,0,36,4,2,30,SULAWESI TENGGARA
2863,2020-04-20,0,0,0,0,36,4,2,30,SULAWESI TENGGARA
2864,2020-04-21,0,0,0,0,36,4,2,30,SULAWESI TENGGARA
2865,2020-04-22,0,0,0,0,36,4,2,30,SULAWESI TENGGARA
2866,2020-04-23,5,0,1,4,41,5,2,34,SULAWESI TENGGARA
2867,2020-04-24,0,0,0,0,41,5,2,34,SULAWESI TENGGARA
2868,2020-04-25,4,0,1,3,45,6,2,37,SULAWESI TENGGARA
2869,2020-04-26,0,0,0,0,45,6,2,37,SULAWESI TENGGARA
2870,2020-04-27,0,0,0,0,45,6,2,37,SULAWESI TENGGARA
2871,2020-04-28,8,0,0,8,53,6,2,45,SULAWESI TENGGARA
2872,2020-04-29,9,0,4,5,62,10,2,50,SULAWESI TENGGARA
2873,2020-04-30,0,0,1,-1,62,11,2,49,SULAWESI TENGGARA
2874,2020-05-01,2,0,0,2,64,11,2,51,SULAWESI TENGGARA
2875,2020-05-02,0,1,0,-1,64,11,3,50,SULAWESI TENGGARA
2876,2020-05-03,0,0,0,0,64,11,3,50,SULAWESI TENGGARA
2877,2020-05-04,5,0,4,1,69,15,3,51,SULAWESI TENGGARA
2878,2020-05-05,0,0,0,0,69,15,3,51,SULAWESI TENGGARA
2879,2020-05-06,0,0,0,0,69,15,3,51,SULAWESI TENGGARA
2880,2020-05-07,1,0,0,1,70,15,3,52,SULAWESI TENGGARA
2881,2020-05-08,1,0,0,1,71,15,3,53,SULAWESI TENGGARA
2882,2020-05-09,5,0,1,4,76,16,3,57,SULAWESI TENGGARA
2883,2020-05-10,0,0,0,0,76,16,3,57,SULAWESI TENGGARA
2884,2020-05-11,0,0,0,0,76,16,3,57,SULAWESI TENGGARA
2885,2020-05-12,90,1,1,88,166,17,4,145,SULAWESI TENGGARA
2886,2020-05-13,0,0,0,0,166,17,4,145,SULAWESI TENGGARA
2887,2020-05-14,17,0,2,15,183,19,4,160,SULAWESI TENGGARA
2888,2020-05-15,6,0,0,6,189,19,4,166,SULAWESI TENGGARA
2889,2020-05-16,2,0,0,2,191,19,4,168,SULAWESI TENGGARA
2890,2020-05-17,0,0,1,-1,191,20,4,167,SULAWESI TENGGARA
2891,2020-05-18,11,0,5,6,202,25,4,173,SULAWESI TENGGARA
2892,2020-05-19,0,0,0,0,202,25,4,173,SULAWESI TENGGARA
2893,2020-05-20,0,0,0,0,202,25,4,173,SULAWESI TENGGARA
2894,2020-05-21,9,0,5,4,211,30,4,177,SULAWESI TENGGARA
2895,2020-05-22,4,0,21,-17,215,51,4,160,SULAWESI TENGGARA
2896,2020-05-23,0,0,0,0,215,51,4,160,SULAWESI TENGGARA
2897,2020-05-24,0,0,0,0,215,51,4,160,SULAWESI TENGGARA
2898,2020-05-25,0,0,49,-49,215,100,4,111,SULAWESI TENGGARA
2899,2020-05-26,11,0,8,3,226,108,4,114,SULAWESI TENGGARA
2900,2020-05-27,14,0,1,13,240,109,4,127,SULAWESI TENGGARA
2901,2020-05-28,1,0,3,-2,241,112,4,125,SULAWESI TENGGARA
2902,2020-05-29,0,0,0,0,241,112,4,125,SULAWESI TENGGARA
2903,2020-05-30,3,0,9,-6,244,121,4,119,SULAWESI TENGGARA
2904,2020-05-31,0,0,0,0,244,121,4,119,SULAWESI TENGGARA
2905,2020-06-01,0,0,3,-3,244,124,4,116,SULAWESI TENGGARA
2906,2020-06-02,7,0,7,0,251,131,4,116,SULAWESI TENGGARA
2907,2020-06-03,1,1,0,0,252,131,5,116,SULAWESI TENGGARA
2908,2020-06-04,5,0,10,-5,257,141,5,111,SULAWESI TENGGARA
2909,2020-06-05,0,0,3,-3,257,144,5,108,SULAWESI TENGGARA
2910,2020-06-06,2,0,10,-8,259,154,5,100,SULAWESI TENGGARA
2911,2020-06-07,0,0,1,-1,259,155,5,99,SULAWESI TENGGARA
2912,2020-06-08,4,0,17,-13,263,172,5,86,SULAWESI TENGGARA
2913,2020-06-09,3,0,2,1,266,174,5,87,SULAWESI TENGGARA
2914,2020-06-10,6,0,4,2,272,178,5,89,SULAWESI TENGGARA
2915,2020-06-11,5,0,2,3,277,180,5,92,SULAWESI TENGGARA
2916,2020-06-12,2,0,10,-8,279,190,5,84,SULAWESI TENGGARA
2917,2020-06-13,4,0,7,-3,283,197,5,81,SULAWESI TENGGARA
2918,2020-06-14,3,0,2,1,286,199,5,82,SULAWESI TENGGARA
2919,2020-06-15,5,0,4,1,291,203,5,83,SULAWESI TENGGARA
2920,2020-06-16,1,0,0,1,292,203,5,84,SULAWESI TENGGARA
2921,2020-06-17,34,0,0,34,326,203,5,118,SULAWESI TENGGARA
2922,2020-06-18,3,0,1,2,329,204,5,120,SULAWESI TENGGARA
2923,2020-06-19,3,0,10,-7,332,214,5,113,SULAWESI TENGGARA
2924,2020-06-20,0,0,3,-3,332,217,5,110,SULAWESI TENGGARA
2925,2020-06-21,2,0,0,2,334,217,5,112,SULAWESI TENGGARA
2926,2020-06-22,2,0,1,1,336,218,5,113,SULAWESI TENGGARA
2927,2020-06-23,1,0,1,0,337,219,5,113,SULAWESI TENGGARA
2928,2020-06-24,0,0,0,0,337,219,5,113,SULAWESI TENGGARA
2929,2020-06-25,3,0,2,1,340,221,5,114,SULAWESI TENGGARA
2930,2020-06-26,3,1,0,2,343,221,6,116,SULAWESI TENGGARA
2931,2020-06-27,0,0,0,0,343,221,6,116,SULAWESI TENGGARA
2932,2020-06-28,2,0,1,1,345,222,6,117,SULAWESI TENGGARA
2933,2020-06-29,18,0,12,6,363,234,6,123,SULAWESI TENGGARA
2934,2020-06-30,42,0,1,41,405,235,6,164,SULAWESI TENGGARA
2935,2020-07-01,56,1,12,43,461,247,7,207,SULAWESI TENGGARA
2936,2020-07-02,12,0,10,2,473,257,7,209,SULAWESI TENGGARA
2937,2020-07-03,4,0,4,0,477,261,7,209,SULAWESI TENGGARA
2938,2020-07-04,3,1,12,-10,480,273,8,199,SULAWESI TENGGARA
2939,2020-07-05,2,0,1,1,482,274,8,200,SULAWESI TENGGARA
2940,2020-07-06,5,0,11,-6,487,285,8,194,SULAWESI TENGGARA
2941,2020-07-07,7,0,2,5,494,287,8,199,SULAWESI TENGGARA
2942,2020-07-08,6,1,3,2,500,290,9,201,SULAWESI TENGGARA
2943,2020-07-09,7,0,22,-15,507,312,9,186,SULAWESI TENGGARA
2944,2020-07-10,2,0,18,-16,509,330,9,170,SULAWESI TENGGARA
2945,2020-07-11,2,0,5,-3,511,335,9,167,SULAWESI TENGGARA
2946,2020-07-12,7,0,1,6,518,336,9,173,SULAWESI TENGGARA
2947,2020-07-13,3,1,4,-2,521,340,10,171,SULAWESI TENGGARA
2948,2020-07-14,10,1,4,5,531,344,11,176,SULAWESI TENGGARA
2949,2020-07-15,9,0,2,7,540,346,11,183,SULAWESI TENGGARA
2950,2020-07-16,14,0,15,-1,554,361,11,182,SULAWESI TENGGARA
2951,2020-07-17,21,0,3,18,575,364,11,200,SULAWESI TENGGARA
2952,2020-07-18,12,0,8,4,587,372,11,204,SULAWESI TENGGARA
2953,2020-07-19,48,0,7,41,635,379,11,245,SULAWESI TENGGARA
2954,2020-07-20,35,0,3,32,670,382,11,277,SULAWESI TENGGARA
2955,2020-07-21,15,0,3,12,685,385,11,289,SULAWESI TENGGARA
2956,2020-07-22,27,1,4,22,712,389,12,311,SULAWESI TENGGARA
2957,2020-07-23,23,1,11,11,735,400,13,322,SULAWESI TENGGARA
2958,2020-07-24,17,0,1,16,752,401,13,338,SULAWESI TENGGARA
2959,2020-07-25,16,0,41,-25,768,442,13,313,SULAWESI TENGGARA
2960,2020-07-26,1,0,8,-7,769,450,13,306,SULAWESI TENGGARA
2961,2020-07-27,0,0,3,-3,769,453,13,303,SULAWESI TENGGARA
2962,2020-07-28,7,0,2,5,776,455,13,308,SULAWESI TENGGARA
2963,2020-07-29,6,0,7,-1,782,462,13,307,SULAWESI TENGGARA
2964,2020-07-30,0,0,8,-8,782,470,13,299,SULAWESI TENGGARA
2965,2020-07-31,5,0,7,-2,787,477,13,297,SULAWESI TENGGARA
2966,2020-08-01,0,0,3,-3,787,480,13,294,SULAWESI TENGGARA
2967,2020-08-02,2,1,47,-46,789,527,14,248,SULAWESI TENGGARA
2968,2020-08-03,68,0,73,-5,857,600,14,243,SULAWESI TENGGARA
2969,2020-08-04,35,2,8,25,892,608,16,268,SULAWESI TENGGARA
2970,2020-08-05,59,0,56,3,951,664,16,271,SULAWESI TENGGARA
2971,2020-08-06,27,0,14,13,978,678,16,284,SULAWESI TENGGARA
2972,2020-08-07,20,1,3,16,998,681,17,300,SULAWESI TENGGARA
2973,2020-08-08,22,0,12,10,1020,693,17,310,SULAWESI TENGGARA
2974,2020-08-09,0,0,21,-21,1020,714,17,289,SULAWESI TENGGARA
2975,2020-08-10,32,0,7,25,1052,721,17,314,SULAWESI TENGGARA
2976,2020-08-11,24,1,10,13,1076,731,18,327,SULAWESI TENGGARA
2977,2020-08-12,30,0,38,-8,1106,769,18,319,SULAWESI TENGGARA
2978,2020-08-13,33,0,43,-10,1139,812,18,309,SULAWESI TENGGARA
2979,2020-08-14,28,0,9,19,1167,821,18,328,SULAWESI TENGGARA
2980,2020-03-25,2,0,0,2,2,0,0,2,LAMPUNG
2981,2020-03-26,1,0,0,1,3,0,0,3,LAMPUNG
2982,2020-03-27,0,0,0,0,3,0,0,3,LAMPUNG
2983,2020-03-28,0,0,0,0,3,0,0,3,LAMPUNG
2984,2020-03-29,4,1,0,3,7,0,1,6,LAMPUNG
2985,2020-03-30,0,1,0,-1,7,0,2,5,LAMPUNG
2986,2020-03-31,0,0,0,0,7,0,2,5,LAMPUNG
2987,2020-04-01,0,0,0,0,7,0,2,5,LAMPUNG
2988,2020-04-02,3,1,0,2,10,0,3,7,LAMPUNG
2989,2020-04-03,0,0,0,0,10,0,3,7,LAMPUNG
2990,2020-04-04,0,0,0,0,10,0,3,7,LAMPUNG
2991,2020-04-05,1,0,0,1,11,0,3,8,LAMPUNG
2992,2020-04-06,0,0,0,0,11,0,3,8,LAMPUNG
2993,2020-04-07,3,2,0,1,14,0,5,9,LAMPUNG
2994,2020-04-08,0,0,2,-2,14,2,5,7,LAMPUNG
2995,2020-04-09,5,0,0,5,19,2,5,12,LAMPUNG
2996,2020-04-10,0,0,2,-2,19,4,5,10,LAMPUNG
2997,2020-04-11,0,0,0,0,19,4,5,10,LAMPUNG
2998,2020-04-12,1,0,0,1,20,4,5,11,LAMPUNG
2999,2020-04-13,0,0,0,0,20,4,5,11,LAMPUNG
3000,2020-04-14,0,0,0,0,20,4,5,11,LAMPUNG
3001,2020-04-15,5,0,0,5,25,4,5,16,LAMPUNG
3002,2020-04-16,0,0,0,0,25,4,5,16,LAMPUNG
3003,2020-04-17,0,0,0,0,25,4,5,16,LAMPUNG
3004,2020-04-18,0,0,0,0,25,4,5,16,LAMPUNG
3005,2020-04-19,0,0,0,0,25,4,5,16,LAMPUNG
3006,2020-04-20,1,0,1,0,26,5,5,16,LAMPUNG
3007,2020-04-21,0,0,1,-1,26,6,5,15,LAMPUNG
3008,2020-04-22,11,0,0,11,37,6,5,26,LAMPUNG
3009,2020-04-23,0,0,0,0,37,6,5,26,LAMPUNG
3010,2020-04-24,0,0,1,-1,37,7,5,25,LAMPUNG
3011,2020-04-25,4,0,0,4,41,7,5,29,LAMPUNG
3012,2020-04-26,0,0,1,-1,41,8,5,28,LAMPUNG
3013,2020-04-27,2,0,2,0,43,10,5,28,LAMPUNG
3014,2020-04-28,2,0,3,-1,45,13,5,27,LAMPUNG
3015,2020-04-29,0,0,0,0,45,13,5,27,LAMPUNG
3016,2020-04-30,4,0,0,4,49,13,5,31,LAMPUNG
3017,2020-05-01,0,0,0,0,49,13,5,31,LAMPUNG
3018,2020-05-02,0,0,0,0,49,13,5,31,LAMPUNG
3019,2020-05-03,4,0,0,4,53,13,5,35,LAMPUNG
3020,2020-05-04,1,0,1,0,54,14,5,35,LAMPUNG
3021,2020-05-05,8,0,5,3,62,19,5,38,LAMPUNG
3022,2020-05-06,0,0,0,0,62,19,5,38,LAMPUNG
3023,2020-05-07,3,0,0,3,65,19,5,41,LAMPUNG
3024,2020-05-08,0,0,0,0,65,19,5,41,LAMPUNG
3025,2020-05-09,0,1,0,-1,65,19,6,40,LAMPUNG
3026,2020-05-10,0,1,0,-1,65,19,7,39,LAMPUNG
3027,2020-05-11,0,0,0,0,65,19,7,39,LAMPUNG
3028,2020-05-12,0,0,0,0,65,19,7,39,LAMPUNG
3029,2020-05-13,0,0,0,0,65,19,7,39,LAMPUNG
3030,2020-05-14,0,1,2,-3,65,21,8,36,LAMPUNG
3031,2020-05-15,0,0,2,-2,65,23,8,34,LAMPUNG
3032,2020-05-16,1,0,0,1,66,23,8,35,LAMPUNG
3033,2020-05-17,16,0,2,14,82,25,8,49,LAMPUNG
3034,2020-05-18,1,0,4,-3,83,29,8,46,LAMPUNG
3035,2020-05-19,2,0,0,2,85,29,8,48,LAMPUNG
3036,2020-05-20,16,0,2,14,101,31,8,62,LAMPUNG
3037,2020-05-21,4,0,5,-1,105,36,8,61,LAMPUNG
3038,2020-05-22,0,0,4,-4,105,40,8,57,LAMPUNG
3039,2020-05-23,4,2,5,-3,109,45,10,54,LAMPUNG
3040,2020-05-24,7,1,0,6,116,45,11,60,LAMPUNG
3041,2020-05-25,0,0,2,-2,116,47,11,58,LAMPUNG
3042,2020-05-26,2,0,0,2,118,47,11,60,LAMPUNG
3043,2020-05-27,0,0,0,0,118,47,11,60,LAMPUNG
3044,2020-05-28,13,0,0,13,131,47,11,73,LAMPUNG
3045,2020-05-29,1,0,11,-10,132,58,11,63,LAMPUNG
3046,2020-05-30,1,0,4,-3,133,62,11,60,LAMPUNG
3047,2020-05-31,2,0,5,-3,135,67,11,57,LAMPUNG
3048,2020-06-01,0,0,6,-6,135,73,11,51,LAMPUNG
3049,2020-06-02,0,0,4,-4,135,77,11,47,LAMPUNG
3050,2020-06-03,4,0,3,1,139,80,11,48,LAMPUNG
3051,2020-06-04,1,0,11,-10,140,91,11,38,LAMPUNG
3052,2020-06-05,2,0,3,-1,142,94,11,37,LAMPUNG
3053,2020-06-06,1,0,1,0,143,95,11,37,LAMPUNG
3054,2020-06-07,1,0,3,-2,144,98,11,35,LAMPUNG
3055,2020-06-08,3,0,3,0,147,101,11,35,LAMPUNG
3056,2020-06-09,2,0,1,1,149,102,11,36,LAMPUNG
3057,2020-06-10,2,0,0,2,151,102,11,38,LAMPUNG
3058,2020-06-11,1,0,2,-1,152,104,11,37,LAMPUNG
3059,2020-06-12,12,1,3,8,164,107,12,45,LAMPUNG
3060,2020-06-13,1,0,1,0,165,108,12,45,LAMPUNG
3061,2020-06-14,0,0,0,0,165,108,12,45,LAMPUNG
3062,2020-06-15,0,0,2,-2,165,110,12,43,LAMPUNG
3063,2020-06-16,3,0,1,2,168,111,12,45,LAMPUNG
3064,2020-06-17,2,0,3,-1,170,114,12,44,LAMPUNG
3065,2020-06-18,1,0,2,-1,171,116,12,43,LAMPUNG
3066,2020-06-19,8,0,5,3,179,121,12,46,LAMPUNG
3067,2020-06-20,1,0,0,1,180,121,12,47,LAMPUNG
3068,2020-06-21,0,0,0,0,180,121,12,47,LAMPUNG
3069,2020-06-22,0,0,0,0,180,121,12,47,LAMPUNG
3070,2020-06-23,2,0,7,-5,182,128,12,42,LAMPUNG
3071,2020-06-24,4,0,0,4,186,128,12,46,LAMPUNG
3072,2020-06-25,0,0,2,-2,186,130,12,44,LAMPUNG
3073,2020-06-26,1,0,4,-3,187,134,12,41,LAMPUNG
3074,2020-06-27,0,0,7,-7,187,141,12,34,LAMPUNG
3075,2020-06-28,0,0,1,-1,187,142,12,33,LAMPUNG
3076,2020-06-29,2,0,2,0,189,144,12,33,LAMPUNG
3077,2020-06-30,1,0,2,-1,190,146,12,32,LAMPUNG
3078,2020-07-01,2,0,0,2,192,146,12,34,LAMPUNG
3079,2020-07-02,0,0,0,0,192,146,12,34,LAMPUNG
3080,2020-07-03,0,0,1,-1,192,147,12,33,LAMPUNG
3081,2020-07-04,2,0,1,1,194,148,12,34,LAMPUNG
3082,2020-07-05,6,0,4,2,200,152,12,36,LAMPUNG
3083,2020-07-06,0,0,0,0,200,152,12,36,LAMPUNG
3084,2020-07-07,1,0,0,1,201,152,12,37,LAMPUNG
3085,2020-07-08,1,0,1,0,202,153,12,37,LAMPUNG
3086,2020-07-09,2,0,4,-2,204,157,12,35,LAMPUNG
3087,2020-07-10,0,0,0,0,204,157,12,35,LAMPUNG
3088,2020-07-11,3,0,3,0,207,160,12,35,LAMPUNG
3089,2020-07-12,1,0,1,0,208,161,12,35,LAMPUNG
3090,2020-07-13,0,0,0,0,208,161,12,35,LAMPUNG
3091,2020-07-14,6,0,1,5,214,162,12,40,LAMPUNG
3092,2020-07-15,4,0,0,4,218,162,12,44,LAMPUNG
3093,2020-07-16,1,0,1,0,219,163,12,44,LAMPUNG
3094,2020-07-17,9,0,0,9,228,163,12,53,LAMPUNG
3095,2020-07-18,2,0,4,-2,230,167,12,51,LAMPUNG
3096,2020-07-19,0,0,3,-3,230,170,12,48,LAMPUNG
3097,2020-07-20,1,0,1,0,231,171,12,48,LAMPUNG
3098,2020-07-21,5,0,1,4,236,172,12,52,LAMPUNG
3099,2020-07-22,9,0,3,6,245,175,12,58,LAMPUNG
3100,2020-07-23,0,0,3,-3,245,178,12,55,LAMPUNG
3101,2020-07-24,1,0,2,-1,246,180,12,54,LAMPUNG
3102,2020-07-25,3,0,3,0,249,183,12,54,LAMPUNG
3103,2020-07-26,2,0,2,0,251,185,12,54,LAMPUNG
3104,2020-07-27,0,0,3,-3,251,188,12,51,LAMPUNG
3105,2020-07-28,0,0,0,0,251,188,12,51,LAMPUNG
3106,2020-07-29,3,0,0,3,254,188,12,54,LAMPUNG
3107,2020-07-30,0,0,0,0,254,188,12,54,LAMPUNG
3108,2020-07-31,0,0,0,0,254,188,12,54,LAMPUNG
3109,2020-08-01,16,1,0,15,270,188,13,69,LAMPUNG
3110,2020-08-02,26,0,16,10,296,204,13,79,LAMPUNG
3111,2020-08-03,0,0,1,-1,296,205,13,78,LAMPUNG
3112,2020-08-04,1,0,3,-2,297,208,13,76,LAMPUNG
3113,2020-08-05,1,0,4,-3,298,212,13,73,LAMPUNG
3114,2020-08-06,4,0,2,2,302,214,13,75,LAMPUNG
3115,2020-08-07,4,0,5,-1,306,219,13,74,LAMPUNG
3116,2020-08-08,0,0,0,0,306,219,13,74,LAMPUNG
3117,2020-08-09,9,0,1,8,315,220,13,82,LAMPUNG
3118,2020-08-10,2,0,1,1,317,221,13,83,LAMPUNG
3119,2020-08-11,2,0,2,0,319,223,13,83,LAMPUNG
3120,2020-08-12,7,0,4,3,326,227,13,86,LAMPUNG
3121,2020-08-13,5,0,0,5,331,227,13,91,LAMPUNG
3122,2020-03-31,1,0,0,1,1,0,0,1,SULAWESI UTARA
3123,2020-04-01,0,0,0,0,1,0,0,1,SULAWESI UTARA
3124,2020-04-02,0,0,0,0,1,0,0,1,SULAWESI UTARA
3125,2020-04-03,0,1,0,-1,1,0,1,0,SULAWESI UTARA
3126,2020-04-04,0,0,0,0,1,0,1,0,SULAWESI UTARA
3127,2020-04-05,2,0,0,2,3,0,1,2,SULAWESI UTARA
3128,2020-04-06,3,1,0,2,6,0,2,4,SULAWESI UTARA
3129,2020-04-07,0,0,0,0,6,0,2,4,SULAWESI UTARA
3130,2020-04-08,0,0,0,0,6,0,2,4,SULAWESI UTARA
3131,2020-04-09,5,1,0,4,11,0,3,8,SULAWESI UTARA
3132,2020-04-10,0,0,1,-1,11,1,3,7,SULAWESI UTARA
3133,2020-04-11,4,0,0,4,15,1,3,11,SULAWESI UTARA
3134,2020-04-12,0,0,0,0,15,1,3,11,SULAWESI UTARA
3135,2020-04-13,0,0,2,-2,15,3,3,9,SULAWESI UTARA
3136,2020-04-14,1,0,0,1,16,3,3,10,SULAWESI UTARA
3137,2020-04-15,0,0,1,-1,16,4,3,9,SULAWESI UTARA
3138,2020-04-16,0,0,0,0,16,4,3,9,SULAWESI UTARA
3139,2020-04-17,2,0,0,2,18,4,3,11,SULAWESI UTARA
3140,2020-04-18,0,0,0,0,18,4,3,11,SULAWESI UTARA
3141,2020-04-19,0,0,0,0,18,4,3,11,SULAWESI UTARA
3142,2020-04-20,0,0,0,0,18,4,3,11,SULAWESI UTARA
3143,2020-04-21,0,0,0,0,18,4,3,11,SULAWESI UTARA
3144,2020-04-22,11,0,2,9,29,6,3,20,SULAWESI UTARA
3145,2020-04-23,5,0,0,5,34,6,3,25,SULAWESI UTARA
3146,2020-04-24,0,0,0,0,34,6,3,25,SULAWESI UTARA
3147,2020-04-25,4,0,6,-2,38,12,3,23,SULAWESI UTARA
3148,2020-04-26,0,0,0,0,38,12,3,23,SULAWESI UTARA
3149,2020-04-27,3,0,0,3,41,12,3,26,SULAWESI UTARA
3150,2020-04-28,1,0,1,0,42,13,3,26,SULAWESI UTARA
3151,2020-04-29,1,1,0,0,43,13,4,26,SULAWESI UTARA
3152,2020-04-30,0,0,0,0,43,13,4,26,SULAWESI UTARA
3153,2020-05-01,0,0,3,-3,43,16,4,23,SULAWESI UTARA
3154,2020-05-02,0,0,0,0,43,16,4,23,SULAWESI UTARA
3155,2020-05-03,0,0,0,0,43,16,4,23,SULAWESI UTARA
3156,2020-05-04,0,0,0,0,43,16,4,23,SULAWESI UTARA
3157,2020-05-05,0,0,0,0,43,16,4,23,SULAWESI UTARA
3158,2020-05-06,0,0,0,0,43,16,4,23,SULAWESI UTARA
3159,2020-05-07,2,0,0,2,45,16,4,25,SULAWESI UTARA
3160,2020-05-08,6,1,0,5,51,16,5,30,SULAWESI UTARA
3161,2020-05-09,18,1,0,17,69,16,6,47,SULAWESI UTARA
3162,2020-05-10,0,0,0,0,69,16,6,47,SULAWESI UTARA
3163,2020-05-11,3,0,9,-6,72,25,6,41,SULAWESI UTARA
3164,2020-05-12,8,1,0,7,80,25,7,48,SULAWESI UTARA
3165,2020-05-13,1,1,4,-4,81,29,8,44,SULAWESI UTARA
3166,2020-05-14,22,1,0,21,103,29,9,65,SULAWESI UTARA
3167,2020-05-15,9,0,1,8,112,30,9,73,SULAWESI UTARA
3168,2020-05-16,0,4,0,-4,112,30,13,69,SULAWESI UTARA
3169,2020-05-17,2,1,0,1,114,30,14,70,SULAWESI UTARA
3170,2020-05-18,10,0,0,10,124,30,14,80,SULAWESI UTARA
3171,2020-05-19,24,1,0,23,148,30,15,103,SULAWESI UTARA
3172,2020-05-20,30,4,0,26,178,30,19,129,SULAWESI UTARA
3173,2020-05-21,18,4,0,14,196,30,23,143,SULAWESI UTARA
3174,2020-05-22,3,2,1,0,199,31,25,143,SULAWESI UTARA
3175,2020-05-23,29,1,2,26,228,33,26,169,SULAWESI UTARA
3176,2020-05-24,9,1,0,8,237,33,27,177,SULAWESI UTARA
3177,2020-05-25,26,5,1,20,263,34,32,197,SULAWESI UTARA
3178,2020-05-26,16,2,1,13,279,35,34,210,SULAWESI UTARA
3179,2020-05-27,16,0,2,14,295,37,34,224,SULAWESI UTARA
3180,2020-05-28,9,1,1,7,304,38,35,231,SULAWESI UTARA
3181,2020-05-29,16,0,1,15,320,39,35,246,SULAWESI UTARA
3182,2020-05-30,17,2,11,4,337,50,37,250,SULAWESI UTARA
3183,2020-05-31,0,1,1,-2,337,51,38,248,SULAWESI UTARA
3184,2020-06-01,15,1,0,14,352,51,39,262,SULAWESI UTARA
3185,2020-06-02,23,4,4,15,375,55,43,277,SULAWESI UTARA
3186,2020-06-03,4,1,6,-3,379,61,44,274,SULAWESI UTARA
3187,2020-06-04,10,1,0,9,389,61,45,283,SULAWESI UTARA
3188,2020-06-05,79,1,0,78,468,61,46,361,SULAWESI UTARA
3189,2020-06-06,25,5,2,18,493,63,51,379,SULAWESI UTARA
3190,2020-06-07,15,3,9,3,508,72,54,382,SULAWESI UTARA
3191,2020-06-08,17,0,0,17,525,72,54,399,SULAWESI UTARA
3192,2020-06-09,18,0,7,11,543,79,54,410,SULAWESI UTARA
3193,2020-06-10,34,4,18,12,577,97,58,422,SULAWESI UTARA
3194,2020-06-11,56,0,0,56,633,97,58,478,SULAWESI UTARA
3195,2020-06-12,16,6,1,9,649,98,64,487,SULAWESI UTARA
3196,2020-06-13,7,0,2,5,656,100,64,492,SULAWESI UTARA
3197,2020-06-14,17,0,7,10,673,107,64,502,SULAWESI UTARA
3198,2020-06-15,26,6,7,13,699,114,70,515,SULAWESI UTARA
3199,2020-06-16,35,0,7,28,734,121,70,543,SULAWESI UTARA
3200,2020-06-17,25,3,7,15,759,128,73,558,SULAWESI UTARA
3201,2020-06-18,23,1,8,14,782,136,74,572,SULAWESI UTARA
3202,2020-06-19,24,3,3,18,806,139,77,590,SULAWESI UTARA
3203,2020-06-20,45,0,3,42,851,142,77,632,SULAWESI UTARA
3204,2020-06-21,1,2,2,-3,852,144,79,629,SULAWESI UTARA
3205,2020-06-22,7,1,2,4,859,146,80,633,SULAWESI UTARA
3206,2020-06-23,31,3,2,26,890,148,83,659,SULAWESI UTARA
3207,2020-06-24,36,4,3,29,926,151,87,688,SULAWESI UTARA
3208,2020-06-25,42,5,19,18,968,170,92,706,SULAWESI UTARA
3209,2020-06-26,54,2,1,51,1022,171,94,757,SULAWESI UTARA
3210,2020-06-27,32,0,0,32,1054,171,94,789,SULAWESI UTARA
3211,2020-06-28,26,0,5,21,1080,176,94,810,SULAWESI UTARA
3212,2020-06-29,27,0,10,17,1107,186,94,827,SULAWESI UTARA
3213,2020-06-30,20,2,14,4,1127,200,96,831,SULAWESI UTARA
3214,2020-07-01,30,1,18,11,1157,218,97,842,SULAWESI UTARA
3215,2020-07-02,19,4,14,1,1176,232,101,843,SULAWESI UTARA
3216,2020-07-03,13,2,17,-6,1189,249,103,837,SULAWESI UTARA
3217,2020-07-04,17,1,17,-1,1206,266,104,836,SULAWESI UTARA
3218,2020-07-05,10,2,31,-23,1216,297,106,813,SULAWESI UTARA
3219,2020-07-06,34,1,18,15,1250,315,107,828,SULAWESI UTARA
3220,2020-07-07,89,1,12,76,1339,327,108,904,SULAWESI UTARA
3221,2020-07-08,87,0,27,60,1426,354,108,964,SULAWESI UTARA
3222,2020-07-09,130,1,5,124,1556,359,109,1088,SULAWESI UTARA
3223,2020-07-10,75,0,5,70,1631,364,109,1158,SULAWESI UTARA
3224,2020-07-11,27,0,1,26,1658,365,109,1184,SULAWESI UTARA
3225,2020-07-12,20,1,8,11,1678,373,110,1195,SULAWESI UTARA
3226,2020-07-13,16,1,16,-1,1694,389,111,1194,SULAWESI UTARA
3227,2020-07-14,44,0,12,32,1738,401,111,1226,SULAWESI UTARA
3228,2020-07-15,29,1,15,13,1767,416,112,1239,SULAWESI UTARA
3229,2020-07-16,28,1,107,-80,1795,523,113,1159,SULAWESI UTARA
3230,2020-07-17,54,1,76,-23,1849,599,114,1136,SULAWESI UTARA
3231,2020-07-18,47,2,21,24,1896,620,116,1160,SULAWESI UTARA
3232,2020-07-19,64,2,39,23,1960,659,118,1183,SULAWESI UTARA
3233,2020-07-20,38,3,51,-16,1998,710,121,1167,SULAWESI UTARA
3234,2020-07-21,74,1,125,-52,2072,835,122,1115,SULAWESI UTARA
3235,2020-07-22,43,0,111,-68,2115,946,122,1047,SULAWESI UTARA
3236,2020-07-23,44,0,54,-10,2159,1000,122,1037,SULAWESI UTARA
3237,2020-07-24,54,1,23,30,2213,1023,123,1067,SULAWESI UTARA
3238,2020-07-25,47,0,38,9,2260,1061,123,1076,SULAWESI UTARA
3239,2020-07-26,50,0,23,27,2310,1084,123,1103,SULAWESI UTARA
3240,2020-07-27,44,3,64,-23,2354,1148,126,1080,SULAWESI UTARA
3241,2020-07-28,57,0,39,18,2411,1187,126,1098,SULAWESI UTARA
3242,2020-07-29,86,3,22,61,2497,1209,129,1159,SULAWESI UTARA
3243,2020-07-30,81,3,16,62,2578,1225,132,1221,SULAWESI UTARA
3244,2020-07-31,68,0,19,49,2646,1244,132,1270,SULAWESI UTARA
3245,2020-08-01,20,1,60,-41,2666,1304,133,1229,SULAWESI UTARA
3246,2020-08-02,78,1,49,28,2744,1353,134,1257,SULAWESI UTARA
3247,2020-08-03,29,0,37,-8,2773,1390,134,1249,SULAWESI UTARA
3248,2020-08-04,19,0,35,-16,2792,1425,134,1233,SULAWESI UTARA
3249,2020-08-05,28,1,31,-4,2820,1456,135,1229,SULAWESI UTARA
3250,2020-08-06,18,3,30,-15,2838,1486,138,1214,SULAWESI UTARA
3251,2020-08-07,20,0,88,-68,2858,1574,138,1146,SULAWESI UTARA
3252,2020-08-08,44,2,43,-1,2902,1617,140,1145,SULAWESI UTARA
3253,2020-08-09,72,0,20,52,2974,1637,140,1197,SULAWESI UTARA
3254,2020-08-10,36,3,51,-18,3010,1688,143,1179,SULAWESI UTARA
3255,2020-08-11,13,0,30,-17,3023,1718,143,1162,SULAWESI UTARA
3256,2020-08-12,125,0,20,105,3148,1738,143,1267,SULAWESI UTARA
3257,2020-08-13,61,0,82,-21,3209,1820,143,1246,SULAWESI UTARA
3258,2020-08-14,50,1,55,-6,3259,1875,144,1240,SULAWESI UTARA
3259,2020-03-25,1,0,0,1,1,0,0,1,SULAWESI TENGAH
3260,2020-03-26,0,0,0,0,1,0,0,1,SULAWESI TENGAH
3261,2020-03-27,1,0,0,1,2,0,0,2,SULAWESI TENGAH
3262,2020-03-28,0,0,0,0,2,0,0,2,SULAWESI TENGAH
3263,2020-03-29,0,0,0,0,2,0,0,2,SULAWESI TENGAH
3264,2020-03-30,0,0,0,0,2,0,0,2,SULAWESI TENGAH
3265,2020-03-31,0,0,0,0,2,0,0,2,SULAWESI TENGAH
3266,2020-04-01,0,1,0,-1,2,0,1,1,SULAWESI TENGAH
3267,2020-04-02,2,1,0,1,4,0,2,2,SULAWESI TENGAH
3268,2020-04-03,0,0,0,0,4,0,2,2,SULAWESI TENGAH
3269,2020-04-04,1,0,0,1,5,0,2,3,SULAWESI TENGAH
3270,2020-04-05,0,0,0,0,5,0,2,3,SULAWESI TENGAH
3271,2020-04-06,0,0,2,-2,5,2,2,1,SULAWESI TENGAH
3272,2020-04-07,0,0,0,0,5,2,2,1,SULAWESI TENGAH
3273,2020-04-08,0,0,0,0,5,2,2,1,SULAWESI TENGAH
3274,2020-04-09,9,0,0,9,14,2,2,10,SULAWESI TENGAH
3275,2020-04-10,5,0,0,5,19,2,2,15,SULAWESI TENGAH
3276,2020-04-11,0,0,0,0,19,2,2,15,SULAWESI TENGAH
3277,2020-04-12,0,1,0,-1,19,2,3,14,SULAWESI TENGAH
3278,2020-04-13,0,0,0,0,19,2,3,14,SULAWESI TENGAH
3279,2020-04-14,3,0,0,3,22,2,3,17,SULAWESI TENGAH
3280,2020-04-15,0,0,0,0,22,2,3,17,SULAWESI TENGAH
3281,2020-04-16,2,0,0,2,24,2,3,19,SULAWESI TENGAH
3282,2020-04-17,0,0,0,0,24,2,3,19,SULAWESI TENGAH
3283,2020-04-18,3,0,0,3,27,2,3,22,SULAWESI TENGAH
3284,2020-04-19,0,0,0,0,27,2,3,22,SULAWESI TENGAH
3285,2020-04-20,0,0,1,-1,27,3,3,21,SULAWESI TENGAH
3286,2020-04-21,2,0,0,2,29,3,3,23,SULAWESI TENGAH
3287,2020-04-22,0,0,0,0,29,3,3,23,SULAWESI TENGAH
3288,2020-04-23,3,0,0,3,32,3,3,26,SULAWESI TENGAH
3289,2020-04-24,4,0,0,4,36,3,3,30,SULAWESI TENGAH
3290,2020-04-25,0,0,1,-1,36,4,3,29,SULAWESI TENGAH
3291,2020-04-26,0,0,0,0,36,4,3,29,SULAWESI TENGAH
3292,2020-04-27,6,0,4,2,42,8,3,31,SULAWESI TENGAH
3293,2020-04-28,5,0,0,5,47,8,3,36,SULAWESI TENGAH
3294,2020-04-29,0,0,0,0,47,8,3,36,SULAWESI TENGAH
3295,2020-04-30,0,0,3,-3,47,11,3,33,SULAWESI TENGAH
3296,2020-05-01,12,0,0,12,59,11,3,45,SULAWESI TENGAH
3297,2020-05-02,0,0,0,0,59,11,3,45,SULAWESI TENGAH
3298,2020-05-03,0,0,0,0,59,11,3,45,SULAWESI TENGAH
3299,2020-05-04,11,0,1,10,70,12,3,55,SULAWESI TENGAH
3300,2020-05-05,0,0,0,0,70,12,3,55,SULAWESI TENGAH
3301,2020-05-06,5,0,0,5,75,12,3,60,SULAWESI TENGAH
3302,2020-05-07,0,0,0,0,75,12,3,60,SULAWESI TENGAH
3303,2020-05-08,0,0,0,0,75,12,3,60,SULAWESI TENGAH
3304,2020-05-09,8,0,0,8,83,12,3,68,SULAWESI TENGAH
3305,2020-05-10,0,0,1,-1,83,13,3,67,SULAWESI TENGAH
3306,2020-05-11,12,0,0,12,95,13,3,79,SULAWESI TENGAH
3307,2020-05-12,7,1,7,-1,102,20,4,78,SULAWESI TENGAH
3308,2020-05-13,9,0,1,8,111,21,4,86,SULAWESI TENGAH
3309,2020-05-14,1,0,0,1,112,21,4,87,SULAWESI TENGAH
3310,2020-05-15,1,0,1,0,113,22,4,87,SULAWESI TENGAH
3311,2020-05-16,2,0,2,0,115,24,4,87,SULAWESI TENGAH
3312,2020-05-17,0,0,2,-2,115,26,4,85,SULAWESI TENGAH
3313,2020-05-18,0,0,0,0,115,26,4,85,SULAWESI TENGAH
3314,2020-05-19,0,0,0,0,115,26,4,85,SULAWESI TENGAH
3315,2020-05-20,2,0,11,-9,117,37,4,76,SULAWESI TENGAH
3316,2020-05-21,1,0,0,1,118,37,4,77,SULAWESI TENGAH
3317,2020-05-22,2,0,0,2,120,37,4,79,SULAWESI TENGAH
3318,2020-05-23,0,0,9,-9,120,46,4,70,SULAWESI TENGAH
3319,2020-05-24,0,0,0,0,120,46,4,70,SULAWESI TENGAH
3320,2020-05-25,0,0,2,-2,120,48,4,68,SULAWESI TENGAH
3321,2020-05-26,0,0,2,-2,120,50,4,66,SULAWESI TENGAH
3322,2020-05-27,6,0,2,4,126,52,4,70,SULAWESI TENGAH
3323,2020-05-28,0,0,0,0,126,52,4,70,SULAWESI TENGAH
3324,2020-05-29,0,0,0,0,126,52,4,70,SULAWESI TENGAH
3325,2020-05-30,2,0,9,-7,128,61,4,63,SULAWESI TENGAH
3326,2020-05-31,0,0,0,0,128,61,4,63,SULAWESI TENGAH
3327,2020-06-01,0,0,0,0,128,61,4,63,SULAWESI TENGAH
3328,2020-06-02,1,0,3,-2,129,64,4,61,SULAWESI TENGAH
3329,2020-06-03,0,0,6,-6,129,70,4,55,SULAWESI TENGAH
3330,2020-06-04,7,0,8,-1,136,78,4,54,SULAWESI TENGAH
3331,2020-06-05,3,0,9,-6,139,87,4,48,SULAWESI TENGAH
3332,2020-06-06,20,0,7,13,159,94,4,61,SULAWESI TENGAH
3333,2020-06-07,0,0,0,0,159,94,4,61,SULAWESI TENGAH
3334,2020-06-08,0,0,0,0,159,94,4,61,SULAWESI TENGAH
3335,2020-06-09,0,0,1,-1,159,95,4,60,SULAWESI TENGAH
3336,2020-06-10,0,0,1,-1,159,96,4,59,SULAWESI TENGAH
3337,2020-06-11,0,0,0,0,159,96,4,59,SULAWESI TENGAH
3338,2020-06-12,9,0,1,8,168,97,4,67,SULAWESI TENGAH
3339,2020-06-13,2,0,18,-16,170,115,4,51,SULAWESI TENGAH
3340,2020-06-14,1,0,6,-5,171,121,4,46,SULAWESI TENGAH
3341,2020-06-15,1,0,4,-3,172,125,4,43,SULAWESI TENGAH
3342,2020-06-16,0,0,4,-4,172,129,4,39,SULAWESI TENGAH
3343,2020-06-17,0,0,1,-1,172,130,4,38,SULAWESI TENGAH
3344,2020-06-18,1,0,0,1,173,130,4,39,SULAWESI TENGAH
3345,2020-06-19,0,0,1,-1,173,131,4,38,SULAWESI TENGAH
3346,2020-06-20,0,0,1,-1,173,132,4,37,SULAWESI TENGAH
3347,2020-06-21,3,0,0,3,176,132,4,40,SULAWESI TENGAH
3348,2020-06-22,3,0,8,-5,179,140,4,35,SULAWESI TENGAH
3349,2020-06-23,1,1,1,-1,180,141,5,34,SULAWESI TENGAH
3350,2020-06-24,1,0,4,-3,181,145,5,31,SULAWESI TENGAH
3351,2020-06-25,2,0,2,0,183,147,5,31,SULAWESI TENGAH
3352,2020-06-26,1,0,5,-4,184,152,5,27,SULAWESI TENGAH
3353,2020-06-27,2,0,1,1,186,153,5,28,SULAWESI TENGAH
3354,2020-06-28,0,0,0,0,186,153,5,28,SULAWESI TENGAH
3355,2020-06-29,0,0,0,0,186,153,5,28,SULAWESI TENGAH
3356,2020-06-30,0,0,4,-4,186,157,5,24,SULAWESI TENGAH
3357,2020-07-01,0,1,1,-2,186,158,6,22,SULAWESI TENGAH
3358,2020-07-02,0,0,1,-1,186,159,6,21,SULAWESI TENGAH
3359,2020-07-03,5,0,2,3,191,161,6,24,SULAWESI TENGAH
3360,2020-07-04,0,0,2,-2,191,163,6,22,SULAWESI TENGAH
3361,2020-07-05,0,0,0,0,191,163,6,22,SULAWESI TENGAH
3362,2020-07-06,0,0,1,-1,191,164,6,21,SULAWESI TENGAH
3363,2020-07-07,2,0,0,2,193,164,6,23,SULAWESI TENGAH
3364,2020-07-08,0,0,0,0,193,164,6,23,SULAWESI TENGAH
3365,2020-07-09,0,0,0,0,193,164,6,23,SULAWESI TENGAH
3366,2020-07-10,0,0,1,-1,193,165,6,22,SULAWESI TENGAH
3367,2020-07-11,0,0,1,-1,193,166,6,21,SULAWESI TENGAH
3368,2020-07-12,0,0,0,0,193,166,6,21,SULAWESI TENGAH
3369,2020-07-13,1,0,2,-1,194,168,6,20,SULAWESI TENGAH
3370,2020-07-14,1,0,7,-6,195,175,6,14,SULAWESI TENGAH
3371,2020-07-15,0,0,0,0,195,175,6,14,SULAWESI TENGAH
3372,2020-07-16,0,0,0,0,195,175,6,14,SULAWESI TENGAH
3373,2020-07-17,0,0,0,0,195,175,6,14,SULAWESI TENGAH
3374,2020-07-18,1,0,1,0,196,176,6,14,SULAWESI TENGAH
3375,2020-07-19,0,0,0,0,196,176,6,14,SULAWESI TENGAH
3376,2020-07-20,0,0,2,-2,196,178,6,12,SULAWESI TENGAH
3377,2020-07-21,0,0,3,-3,196,181,6,9,SULAWESI TENGAH
3378,2020-07-22,4,1,3,0,200,184,7,9,SULAWESI TENGAH
3379,2020-07-23,1,0,0,1,201,184,7,10,SULAWESI TENGAH
3380,2020-07-24,0,0,1,-1,201,185,7,9,SULAWESI TENGAH
3381,2020-07-25,1,0,0,1,202,185,7,10,SULAWESI TENGAH
3382,2020-07-26,0,0,0,0,202,185,7,10,SULAWESI TENGAH
3383,2020-07-27,4,0,3,1,206,188,7,11,SULAWESI TENGAH
3384,2020-07-28,1,0,0,1,207,188,7,12,SULAWESI TENGAH
3385,2020-07-29,0,0,0,0,207,188,7,12,SULAWESI TENGAH
3386,2020-07-30,0,0,0,0,207,188,7,12,SULAWESI TENGAH
3387,2020-07-31,0,0,1,-1,207,189,7,11,SULAWESI TENGAH
3388,2020-08-01,6,0,0,6,213,189,7,17,SULAWESI TENGAH
3389,2020-08-02,0,0,0,0,213,189,7,17,SULAWESI TENGAH
3390,2020-08-03,0,0,2,-2,213,191,7,15,SULAWESI TENGAH
3391,2020-08-04,2,0,1,1,215,192,7,16,SULAWESI TENGAH
3392,2020-08-05,0,0,2,-2,215,194,7,14,SULAWESI TENGAH
3393,2020-08-06,1,0,1,0,216,195,7,14,SULAWESI TENGAH
3394,2020-08-07,0,0,0,0,216,195,7,14,SULAWESI TENGAH
3395,2020-08-08,0,0,0,0,216,195,7,14,SULAWESI TENGAH
3396,2020-08-09,0,0,0,0,216,195,7,14,SULAWESI TENGAH
3397,2020-08-10,0,0,0,0,216,195,7,14,SULAWESI TENGAH
3398,2020-08-11,4,0,1,3,220,196,7,17,SULAWESI TENGAH
3399,2020-08-12,0,0,1,-1,220,197,7,16,SULAWESI TENGAH
3400,2020-08-13,3,0,0,3,223,197,7,19,SULAWESI TENGAH
3401,2020-03-28,1,0,0,1,1,0,0,1,RIAU
3402,2020-03-29,1,0,0,1,2,0,0,2,RIAU
3403,2020-03-30,0,0,0,0,2,0,0,2,RIAU
3404,2020-03-31,0,1,0,-1,2,0,1,1,RIAU
3405,2020-04-01,4,0,0,4,6,0,1,5,RIAU
3406,2020-04-02,3,0,0,3,9,0,1,8,RIAU
3407,2020-04-03,0,0,1,-1,9,1,1,7,RIAU
3408,2020-04-04,1,1,0,0,10,1,2,7,RIAU
3409,2020-04-05,1,0,0,1,11,1,2,8,RIAU
3410,2020-04-06,0,0,0,0,11,1,2,8,RIAU
3411,2020-04-07,0,0,0,0,11,1,2,8,RIAU
3412,2020-04-08,1,1,0,0,12,1,3,8,RIAU
3413,2020-04-09,0,0,1,-1,12,2,3,7,RIAU
3414,2020-04-10,3,0,1,2,15,3,3,9,RIAU
3415,2020-04-11,0,0,0,0,15,3,3,9,RIAU
3416,2020-04-12,4,0,0,4,19,3,3,13,RIAU
3417,2020-04-13,0,0,0,0,19,3,3,13,RIAU
3418,2020-04-14,0,2,4,-6,19,7,5,7,RIAU
3419,2020-04-15,5,0,3,2,24,10,5,9,RIAU
3420,2020-04-16,1,0,0,1,25,10,5,10,RIAU
3421,2020-04-17,4,0,0,4,29,10,5,14,RIAU
3422,2020-04-18,0,0,0,0,29,10,5,14,RIAU
3423,2020-04-19,4,1,0,3,33,10,6,17,RIAU
3424,2020-04-20,1,0,0,1,34,10,6,18,RIAU
3425,2020-04-21,0,0,0,0,34,10,6,18,RIAU
3426,2020-04-22,1,0,3,-2,35,13,6,16,RIAU
3427,2020-04-23,0,0,1,-1,35,14,6,15,RIAU
3428,2020-04-24,2,0,1,1,37,15,6,16,RIAU
3429,2020-04-25,1,0,0,1,38,15,6,17,RIAU
3430,2020-04-26,0,0,1,-1,38,16,6,16,RIAU
3431,2020-04-27,1,0,0,1,39,16,6,17,RIAU
3432,2020-04-28,1,0,1,0,40,17,6,17,RIAU
3433,2020-04-29,0,0,7,-7,40,24,6,10,RIAU
3434,2020-04-30,1,0,0,1,41,24,6,11,RIAU
3435,2020-05-01,3,0,2,1,44,26,6,12,RIAU
3436,2020-05-02,8,0,0,8,52,26,6,20,RIAU
3437,2020-05-03,5,0,0,5,57,26,6,25,RIAU
3438,2020-05-04,3,0,1,2,60,27,6,27,RIAU
3439,2020-05-05,0,0,0,0,60,27,6,27,RIAU
3440,2020-05-06,5,0,0,5,65,27,6,32,RIAU
3441,2020-05-07,3,0,11,-8,68,38,6,24,RIAU
3442,2020-05-08,2,0,1,1,70,39,6,25,RIAU
3443,2020-05-09,2,0,7,-5,72,46,6,20,RIAU
3444,2020-05-10,1,0,3,-2,73,49,6,18,RIAU
3445,2020-05-11,7,0,0,7,80,49,6,25,RIAU
3446,2020-05-12,7,0,0,7,87,49,6,32,RIAU
3447,2020-05-13,6,0,0,6,93,49,6,38,RIAU
3448,2020-05-14,1,0,5,-4,94,54,6,34,RIAU
3449,2020-05-15,0,0,6,-6,94,60,6,28,RIAU
3450,2020-05-16,4,0,0,4,98,60,6,32,RIAU
3451,2020-05-17,2,0,2,0,100,62,6,32,RIAU
3452,2020-05-18,5,0,0,5,105,62,6,37,RIAU
3453,2020-05-19,1,0,1,0,106,63,6,37,RIAU
3454,2020-05-20,1,0,3,-2,107,66,6,35,RIAU
3455,2020-05-21,1,0,0,1,108,66,6,36,RIAU
3456,2020-05-22,1,0,0,1,109,66,6,37,RIAU
3457,2020-05-23,1,0,1,0,110,67,6,37,RIAU
3458,2020-05-24,0,0,1,-1,110,68,6,36,RIAU
3459,2020-05-25,0,0,9,-9,110,77,6,27,RIAU
3460,2020-05-26,0,0,0,0,110,77,6,27,RIAU
3461,2020-05-27,0,0,3,-3,110,80,6,24,RIAU
3462,2020-05-28,6,0,4,2,116,84,6,26,RIAU
3463,2020-05-29,0,0,1,-1,116,85,6,25,RIAU
3464,2020-05-30,0,0,3,-3,116,88,6,22,RIAU
3465,2020-05-31,0,0,1,-1,116,89,6,21,RIAU
3466,2020-06-01,0,0,3,-3,116,92,6,18,RIAU
3467,2020-06-02,0,0,4,-4,116,96,6,14,RIAU
3468,2020-06-03,0,0,3,-3,116,99,6,11,RIAU
3469,2020-06-04,0,0,2,-2,116,101,6,9,RIAU
3470,2020-06-05,1,0,0,1,117,101,6,10,RIAU
3471,2020-06-06,0,0,0,0,117,101,6,10,RIAU
3472,2020-06-07,0,0,6,-6,117,107,6,4,RIAU
3473,2020-06-08,2,0,0,2,119,107,6,6,RIAU
3474,2020-06-09,0,0,0,0,119,107,6,6,RIAU
3475,2020-06-10,0,0,1,-1,119,108,6,5,RIAU
3476,2020-06-11,0,0,1,-1,119,109,6,4,RIAU
3477,2020-06-12,5,0,0,5,124,109,6,9,RIAU
3478,2020-06-13,0,0,0,0,124,109,6,9,RIAU
3479,2020-06-14,1,1,2,-2,125,111,7,7,RIAU
3480,2020-06-15,0,0,1,-1,125,112,7,6,RIAU
3481,2020-06-16,2,1,1,0,127,113,8,6,RIAU
3482,2020-06-17,6,0,1,5,133,114,8,11,RIAU
3483,2020-06-18,8,0,0,8,141,114,8,19,RIAU
3484,2020-06-19,0,0,2,-2,141,116,8,17,RIAU
3485,2020-06-20,0,0,0,0,141,116,8,17,RIAU
3486,2020-06-21,24,0,1,23,165,117,8,40,RIAU
3487,2020-06-22,27,1,0,26,192,117,9,66,RIAU
3488,2020-06-23,24,0,3,21,216,120,9,87,RIAU
3489,2020-06-24,3,1,1,1,219,121,10,88,RIAU
3490,2020-06-25,3,0,0,3,222,121,10,91,RIAU
3491,2020-06-26,0,0,0,0,222,121,10,91,RIAU
3492,2020-06-27,1,0,18,-17,223,139,10,74,RIAU
3493,2020-06-28,2,0,27,-25,225,166,10,49,RIAU
3494,2020-06-29,0,0,10,-10,225,176,10,39,RIAU
3495,2020-06-30,1,0,2,-1,226,178,10,38,RIAU
3496,2020-07-01,1,0,10,-9,227,188,10,29,RIAU
3497,2020-07-02,4,0,12,-8,231,200,10,21,RIAU
3498,2020-07-03,1,0,5,-4,232,205,10,17,RIAU
3499,2020-07-04,1,0,3,-2,233,208,10,15,RIAU
3500,2020-07-05,1,1,4,-4,234,212,11,11,RIAU
3501,2020-07-06,1,0,2,-1,235,214,11,10,RIAU
3502,2020-07-07,0,0,1,-1,235,215,11,9,RIAU
3503,2020-07-08,2,0,1,1,237,216,11,10,RIAU
3504,2020-07-09,0,0,1,-1,237,217,11,9,RIAU
3505,2020-07-10,1,0,0,1,238,217,11,10,RIAU
3506,2020-07-11,1,0,1,0,239,218,11,10,RIAU
3507,2020-07-12,3,0,3,0,242,221,11,10,RIAU
3508,2020-07-13,3,0,0,3,245,221,11,13,RIAU
3509,2020-07-14,0,0,1,-1,245,222,11,12,RIAU
3510,2020-07-15,5,0,2,3,250,224,11,15,RIAU
3511,2020-07-16,5,0,0,5,255,224,11,20,RIAU
3512,2020-07-17,5,0,0,5,260,224,11,25,RIAU
3513,2020-07-18,11,0,1,10,271,225,11,35,RIAU
3514,2020-07-19,15,0,5,10,286,230,11,45,RIAU
3515,2020-07-20,23,0,2,21,309,232,11,66,RIAU
3516,2020-07-21,38,0,0,38,347,232,11,104,RIAU
3517,2020-07-22,2,0,1,1,349,233,11,105,RIAU
3518,2020-07-23,12,0,1,11,361,234,11,116,RIAU
3519,2020-07-24,5,0,10,-5,366,244,11,111,RIAU
3520,2020-07-25,11,0,12,-1,377,256,11,110,RIAU
3521,2020-07-26,4,0,10,-6,381,266,11,104,RIAU
3522,2020-07-27,27,1,5,21,408,271,12,125,RIAU
3523,2020-07-28,6,0,17,-11,414,288,12,114,RIAU
3524,2020-07-29,11,0,18,-7,425,306,12,107,RIAU
3525,2020-07-30,19,0,3,16,444,309,12,123,RIAU
3526,2020-07-31,1,0,17,-16,445,326,12,107,RIAU
3527,2020-08-01,10,0,1,9,455,327,12,116,RIAU
3528,2020-08-02,50,1,4,45,505,331,13,161,RIAU
3529,2020-08-03,71,0,12,59,576,343,13,220,RIAU
3530,2020-08-04,29,0,4,25,605,347,13,245,RIAU
3531,2020-08-05,15,0,12,3,620,359,13,248,RIAU
3532,2020-08-06,35,0,9,26,655,368,13,274,RIAU
3533,2020-08-07,50,0,5,45,705,373,13,319,RIAU
3534,2020-08-08,26,1,9,16,731,382,14,335,RIAU
3535,2020-08-09,41,0,22,19,772,404,14,354,RIAU
3536,2020-08-10,16,0,22,-6,788,426,14,348,RIAU
3537,2020-08-11,32,0,11,21,820,437,14,369,RIAU
3538,2020-08-12,68,0,47,21,888,484,14,390,RIAU
3539,2020-08-13,29,0,52,-23,917,536,14,367,RIAU
3540,2020-08-14,41,0,45,-4,958,581,14,363,RIAU
3541,2020-03-26,2,0,0,2,2,0,0,2,PAPUA BARAT
3542,2020-03-27,0,0,0,0,2,0,0,2,PAPUA BARAT
3543,2020-03-28,0,0,0,0,2,0,0,2,PAPUA BARAT
3544,2020-03-29,0,0,0,0,2,0,0,2,PAPUA BARAT
3545,2020-03-30,0,0,0,0,2,0,0,2,PAPUA BARAT
3546,2020-03-31,0,0,0,0,2,0,0,2,PAPUA BARAT
3547,2020-04-01,0,0,0,0,2,0,0,2,PAPUA BARAT
3548,2020-04-02,0,0,0,0,2,0,0,2,PAPUA BARAT
3549,2020-04-03,0,0,0,0,2,0,0,2,PAPUA BARAT
3550,2020-04-04,0,0,0,0,2,0,0,2,PAPUA BARAT
3551,2020-04-05,0,0,0,0,2,0,0,2,PAPUA BARAT
3552,2020-04-06,0,0,0,0,2,0,0,2,PAPUA BARAT
3553,2020-04-07,0,0,0,0,2,0,0,2,PAPUA BARAT
3554,2020-04-08,0,0,0,0,2,0,0,2,PAPUA BARAT
3555,2020-04-09,0,0,0,0,2,0,0,2,PAPUA BARAT
3556,2020-04-10,0,0,0,0,2,0,0,2,PAPUA BARAT
3557,2020-04-11,0,0,0,0,2,0,0,2,PAPUA BARAT
3558,2020-04-12,0,0,0,0,2,0,0,2,PAPUA BARAT
3559,2020-04-13,0,0,0,0,2,0,0,2,PAPUA BARAT
3560,2020-04-14,0,0,0,0,2,0,0,2,PAPUA BARAT
3561,2020-04-15,3,0,0,3,5,0,0,5,PAPUA BARAT
3562,2020-04-16,0,0,0,0,5,0,0,5,PAPUA BARAT
3563,2020-04-17,0,0,0,0,5,0,0,5,PAPUA BARAT
3564,2020-04-18,2,0,0,2,7,0,0,7,PAPUA BARAT
3565,2020-04-19,0,0,0,0,7,0,0,7,PAPUA BARAT
3566,2020-04-20,0,0,0,0,7,0,0,7,PAPUA BARAT
3567,2020-04-21,1,0,0,1,8,0,0,8,PAPUA BARAT
3568,2020-04-22,5,0,0,5,13,0,0,13,PAPUA BARAT
3569,2020-04-23,2,0,0,2,15,0,0,15,PAPUA BARAT
3570,2020-04-24,1,0,0,1,16,0,0,16,PAPUA BARAT
3571,2020-04-25,0,0,0,0,16,0,0,16,PAPUA BARAT
3572,2020-04-26,0,0,0,0,16,0,0,16,PAPUA BARAT
3573,2020-04-27,21,0,0,21,37,0,0,37,PAPUA BARAT
3574,2020-04-28,0,0,0,0,37,0,0,37,PAPUA BARAT
3575,2020-04-29,0,0,0,0,37,0,0,37,PAPUA BARAT
3576,2020-04-30,5,0,0,5,42,0,0,42,PAPUA BARAT
3577,2020-05-01,1,0,0,1,43,0,0,43,PAPUA BARAT
3578,2020-05-02,0,0,0,0,43,0,0,43,PAPUA BARAT
3579,2020-05-03,0,0,0,0,43,0,0,43,PAPUA BARAT
3580,2020-05-04,6,0,0,6,49,0,0,49,PAPUA BARAT
3581,2020-05-05,4,0,0,4,53,0,0,53,PAPUA BARAT
3582,2020-05-06,0,0,0,0,53,0,0,53,PAPUA BARAT
3583,2020-05-07,0,0,0,0,53,0,0,53,PAPUA BARAT
3584,2020-05-08,0,0,0,0,53,0,0,53,PAPUA BARAT
3585,2020-05-09,17,0,2,15,70,2,0,68,PAPUA BARAT
3586,2020-05-10,0,0,0,0,70,2,0,68,PAPUA BARAT
3587,2020-05-11,0,0,0,0,70,2,0,68,PAPUA BARAT
3588,2020-05-12,0,0,0,0,70,2,0,68,PAPUA BARAT
3589,2020-05-13,18,0,0,18,88,2,0,86,PAPUA BARAT
3590,2020-05-14,0,0,0,0,88,2,0,86,PAPUA BARAT
3591,2020-05-15,14,0,3,11,102,5,0,97,PAPUA BARAT
3592,2020-05-16,3,0,0,3,105,5,0,100,PAPUA BARAT
3593,2020-05-17,0,0,0,0,105,5,0,100,PAPUA BARAT
3594,2020-05-18,0,0,0,0,105,5,0,100,PAPUA BARAT
3595,2020-05-19,1,0,1,0,106,6,0,100,PAPUA BARAT
3596,2020-05-20,3,0,1,2,109,7,0,102,PAPUA BARAT
3597,2020-05-21,10,0,4,6,119,11,0,108,PAPUA BARAT
3598,2020-05-22,10,1,8,1,129,19,1,109,PAPUA BARAT
3599,2020-05-23,1,0,0,1,130,19,1,110,PAPUA BARAT
3600,2020-05-24,0,0,3,-3,130,22,1,107,PAPUA BARAT
3601,2020-05-25,2,0,13,-11,132,35,1,96,PAPUA BARAT
3602,2020-05-26,0,0,1,-1,132,36,1,95,PAPUA BARAT
3603,2020-05-27,20,0,2,18,152,38,1,113,PAPUA BARAT
3604,2020-05-28,6,0,4,2,158,42,1,115,PAPUA BARAT
3605,2020-05-29,4,0,7,-3,162,49,1,112,PAPUA BARAT
3606,2020-05-30,6,0,6,0,168,55,1,112,PAPUA BARAT
3607,2020-05-31,0,0,0,0,168,55,1,112,PAPUA BARAT
3608,2020-06-01,4,0,0,4,172,55,1,116,PAPUA BARAT
3609,2020-06-02,0,0,0,0,172,55,1,116,PAPUA BARAT
3610,2020-06-03,1,0,2,-1,173,57,1,115,PAPUA BARAT
3611,2020-06-04,2,0,17,-15,175,74,1,100,PAPUA BARAT
3612,2020-06-05,3,0,0,3,178,74,1,103,PAPUA BARAT
3613,2020-06-06,1,0,0,1,179,74,1,104,PAPUA BARAT
3614,2020-06-07,0,0,0,0,179,74,1,104,PAPUA BARAT
3615,2020-06-08,4,0,1,3,183,75,1,107,PAPUA BARAT
3616,2020-06-09,8,0,9,-1,191,84,1,106,PAPUA BARAT
3617,2020-06-10,4,0,1,3,195,85,1,109,PAPUA BARAT
3618,2020-06-11,5,0,1,4,200,86,1,113,PAPUA BARAT
3619,2020-06-12,5,1,0,4,205,86,2,117,PAPUA BARAT
3620,2020-06-13,3,0,1,2,208,87,2,119,PAPUA BARAT
3621,2020-06-14,1,0,0,1,209,87,2,120,PAPUA BARAT
3622,2020-06-15,3,0,7,-4,212,94,2,116,PAPUA BARAT
3623,2020-06-16,2,0,2,0,214,96,2,116,PAPUA BARAT
3624,2020-06-17,5,0,22,-17,219,118,2,99,PAPUA BARAT
3625,2020-06-18,3,0,8,-5,222,126,2,94,PAPUA BARAT
3626,2020-06-19,0,0,2,-2,222,128,2,92,PAPUA BARAT
3627,2020-06-20,2,0,0,2,224,128,2,94,PAPUA BARAT
3628,2020-06-21,0,0,0,0,224,128,2,94,PAPUA BARAT
3629,2020-06-22,0,0,1,-1,224,129,2,93,PAPUA BARAT
3630,2020-06-23,1,0,16,-15,225,145,2,78,PAPUA BARAT
3631,2020-06-24,8,0,4,4,233,149,2,82,PAPUA BARAT
3632,2020-06-25,0,0,1,-1,233,150,2,81,PAPUA BARAT
3633,2020-06-26,1,0,2,-1,234,152,2,80,PAPUA BARAT
3634,2020-06-27,2,0,0,2,236,152,2,82,PAPUA BARAT
3635,2020-06-28,1,1,1,-1,237,153,3,81,PAPUA BARAT
3636,2020-06-29,2,0,0,2,239,153,3,83,PAPUA BARAT
3637,2020-06-30,3,0,12,-9,242,165,3,74,PAPUA BARAT
3638,2020-07-01,2,0,5,-3,244,170,3,71,PAPUA BARAT
3639,2020-07-02,5,0,0,5,249,170,3,76,PAPUA BARAT
3640,2020-07-03,4,0,1,3,253,171,3,79,PAPUA BARAT
3641,2020-07-04,2,0,6,-4,255,177,3,75,PAPUA BARAT
3642,2020-07-05,10,0,7,3,265,184,3,78,PAPUA BARAT
3643,2020-07-06,1,0,1,0,266,185,3,78,PAPUA BARAT
3644,2020-07-07,0,0,1,-1,266,186,3,77,PAPUA BARAT
3645,2020-07-08,6,0,0,6,272,186,3,83,PAPUA BARAT
3646,2020-07-09,4,0,1,3,276,187,3,86,PAPUA BARAT
3647,2020-07-10,6,0,1,5,282,188,3,91,PAPUA BARAT
3648,2020-07-11,4,0,5,-1,286,193,3,90,PAPUA BARAT
3649,2020-07-12,0,0,3,-3,286,196,3,87,PAPUA BARAT
3650,2020-07-13,6,0,2,4,292,198,3,91,PAPUA BARAT
3651,2020-07-14,0,0,4,-4,292,202,3,87,PAPUA BARAT
3652,2020-07-15,4,0,0,4,296,202,3,91,PAPUA BARAT
3653,2020-07-16,5,0,1,4,301,203,3,95,PAPUA BARAT
3654,2020-07-17,38,1,2,35,339,205,4,130,PAPUA BARAT
3655,2020-07-18,2,0,4,-2,341,209,4,128,PAPUA BARAT
3656,2020-07-19,27,0,3,24,368,212,4,152,PAPUA BARAT
3657,2020-07-20,3,0,1,2,371,213,4,154,PAPUA BARAT
3658,2020-07-21,5,0,3,2,376,216,4,156,PAPUA BARAT
3659,2020-07-22,10,0,14,-4,386,230,4,152,PAPUA BARAT
3660,2020-07-23,1,0,2,-1,387,232,4,151,PAPUA BARAT
3661,2020-07-24,1,0,0,1,388,232,4,152,PAPUA BARAT
3662,2020-07-25,4,0,0,4,392,232,4,156,PAPUA BARAT
3663,2020-07-26,4,0,2,2,396,234,4,158,PAPUA BARAT
3664,2020-07-27,1,0,29,-28,397,263,4,130,PAPUA BARAT
3665,2020-07-28,16,0,2,14,413,265,4,144,PAPUA BARAT
3666,2020-07-29,17,1,27,-11,430,292,5,133,PAPUA BARAT
3667,2020-07-30,3,0,0,3,433,292,5,136,PAPUA BARAT
3668,2020-07-31,18,0,0,18,451,292,5,154,PAPUA BARAT
3669,2020-08-01,9,0,3,6,460,295,5,160,PAPUA BARAT
3670,2020-08-02,0,0,0,0,460,295,5,160,PAPUA BARAT
3671,2020-08-03,11,0,9,2,471,304,5,162,PAPUA BARAT
3672,2020-08-04,10,0,2,8,481,306,5,170,PAPUA BARAT
3673,2020-08-05,11,0,38,-27,492,344,5,143,PAPUA BARAT
3674,2020-08-06,44,0,6,38,536,350,5,181,PAPUA BARAT
3675,2020-08-07,15,0,12,3,551,362,5,184,PAPUA BARAT
3676,2020-08-08,1,0,0,1,552,362,5,185,PAPUA BARAT
3677,2020-08-09,5,0,23,-18,557,385,5,167,PAPUA BARAT
3678,2020-08-10,1,0,6,-5,558,391,5,162,PAPUA BARAT
3679,2020-08-11,13,1,8,4,571,399,6,166,PAPUA BARAT
3680,2020-08-12,24,0,19,5,595,418,6,171,PAPUA BARAT
3681,2020-08-13,0,0,19,-19,595,437,6,152,PAPUA BARAT
3682,2020-08-14,6,0,2,4,601,439,6,156,PAPUA BARAT
3683,2020-03-27,1,0,0,1,1,0,0,1,SULAWESI BARAT
3684,2020-03-28,0,0,0,0,1,0,0,1,SULAWESI BARAT
3685,2020-03-29,0,0,0,0,1,0,0,1,SULAWESI BARAT
3686,2020-03-30,0,0,0,0,1,0,0,1,SULAWESI BARAT
3687,2020-03-31,0,0,0,0,1,0,0,1,SULAWESI BARAT
3688,2020-04-01,0,0,0,0,1,0,0,1,SULAWESI BARAT
3689,2020-04-02,1,0,0,1,2,0,0,2,SULAWESI BARAT
3690,2020-04-03,0,0,0,0,2,0,0,2,SULAWESI BARAT
3691,2020-04-04,0,0,0,0,2,0,0,2,SULAWESI BARAT
3692,2020-04-05,0,0,0,0,2,0,0,2,SULAWESI BARAT
3693,2020-04-06,0,0,0,0,2,0,0,2,SULAWESI BARAT
3694,2020-04-07,0,0,0,0,2,0,0,2,SULAWESI BARAT
3695,2020-04-08,0,0,0,0,2,0,0,2,SULAWESI BARAT
3696,2020-04-09,1,0,0,1,3,0,0,3,SULAWESI BARAT
3697,2020-04-10,2,1,1,0,5,1,1,3,SULAWESI BARAT
3698,2020-04-11,0,0,0,0,5,1,1,3,SULAWESI BARAT
3699,2020-04-12,0,0,0,0,5,1,1,3,SULAWESI BARAT
3700,2020-04-13,0,0,0,0,5,1,1,3,SULAWESI BARAT
3701,2020-04-14,2,0,0,2,7,1,1,5,SULAWESI BARAT
3702,2020-04-15,0,0,0,0,7,1,1,5,SULAWESI BARAT
3703,2020-04-16,0,0,0,0,7,1,1,5,SULAWESI BARAT
3704,2020-04-17,0,0,0,0,7,1,1,5,SULAWESI BARAT
3705,2020-04-18,0,0,0,0,7,1,1,5,SULAWESI BARAT
3706,2020-04-19,0,0,0,0,7,1,1,5,SULAWESI BARAT
3707,2020-04-20,0,0,0,0,7,1,1,5,SULAWESI BARAT
3708,2020-04-21,1,0,0,1,8,1,1,6,SULAWESI BARAT
3709,2020-04-22,0,0,0,0,8,1,1,6,SULAWESI BARAT
3710,2020-04-23,25,0,0,25,33,1,1,31,SULAWESI BARAT
3711,2020-04-24,2,0,0,2,35,1,1,33,SULAWESI BARAT
3712,2020-04-25,0,0,0,0,35,1,1,33,SULAWESI BARAT
3713,2020-04-26,0,0,0,0,35,1,1,33,SULAWESI BARAT
3714,2020-04-27,2,0,2,0,37,3,1,33,SULAWESI BARAT
3715,2020-04-28,1,0,1,0,38,4,1,33,SULAWESI BARAT
3716,2020-04-29,4,0,0,4,42,4,1,37,SULAWESI BARAT
3717,2020-04-30,1,0,1,0,43,5,1,37,SULAWESI BARAT
3718,2020-05-01,1,0,0,1,44,5,1,38,SULAWESI BARAT
3719,2020-05-02,0,0,0,0,44,5,1,38,SULAWESI BARAT
3720,2020-05-03,0,0,0,0,44,5,1,38,SULAWESI BARAT
3721,2020-05-04,14,1,0,13,58,5,2,51,SULAWESI BARAT
3722,2020-05-05,0,0,0,0,58,5,2,51,SULAWESI BARAT
3723,2020-05-06,0,0,0,0,58,5,2,51,SULAWESI BARAT
3724,2020-05-07,2,0,0,2,60,5,2,53,SULAWESI BARAT
3725,2020-05-08,2,0,0,2,62,5,2,55,SULAWESI BARAT
3726,2020-05-09,0,0,0,0,62,5,2,55,SULAWESI BARAT
3727,2020-05-10,0,0,0,0,62,5,2,55,SULAWESI BARAT
3728,2020-05-11,5,0,2,3,67,7,2,58,SULAWESI BARAT
3729,2020-05-12,6,0,0,6,73,7,2,64,SULAWESI BARAT
3730,2020-05-13,1,0,13,-12,74,20,2,52,SULAWESI BARAT
3731,2020-05-14,0,0,2,-2,74,22,2,50,SULAWESI BARAT
3732,2020-05-15,1,0,1,0,75,23,2,50,SULAWESI BARAT
3733,2020-05-16,0,0,0,0,75,23,2,50,SULAWESI BARAT
3734,2020-05-17,0,0,0,0,75,23,2,50,SULAWESI BARAT
3735,2020-05-18,2,0,2,0,77,25,2,50,SULAWESI BARAT
3736,2020-05-19,1,0,0,1,78,25,2,51,SULAWESI BARAT
3737,2020-05-20,8,0,0,8,86,25,2,59,SULAWESI BARAT
3738,2020-05-21,0,0,1,-1,86,26,2,58,SULAWESI BARAT
3739,2020-05-22,0,0,1,-1,86,27,2,57,SULAWESI BARAT
3740,2020-05-23,0,0,0,0,86,27,2,57,SULAWESI BARAT
3741,2020-05-24,0,0,0,0,86,27,2,57,SULAWESI BARAT
3742,2020-05-25,1,0,2,-1,87,29,2,56,SULAWESI BARAT
3743,2020-05-26,1,0,3,-2,88,32,2,54,SULAWESI BARAT
3744,2020-05-27,0,0,2,-2,88,34,2,52,SULAWESI BARAT
3745,2020-05-28,0,0,0,0,88,34,2,52,SULAWESI BARAT
3746,2020-05-29,0,0,0,0,88,34,2,52,SULAWESI BARAT
3747,2020-05-30,4,0,7,-3,92,41,2,49,SULAWESI BARAT
3748,2020-05-31,0,0,0,0,92,41,2,49,SULAWESI BARAT
3749,2020-06-01,0,0,8,-8,92,49,2,41,SULAWESI BARAT
3750,2020-06-02,0,0,0,0,92,49,2,41,SULAWESI BARAT
3751,2020-06-03,0,0,0,0,92,49,2,41,SULAWESI BARAT
3752,2020-06-04,0,0,1,-1,92,50,2,40,SULAWESI BARAT
3753,2020-06-05,0,0,8,-8,92,58,2,32,SULAWESI BARAT
3754,2020-06-06,2,0,3,-1,94,61,2,31,SULAWESI BARAT
3755,2020-06-07,0,0,1,-1,94,62,2,30,SULAWESI BARAT
3756,2020-06-08,0,0,1,-1,94,63,2,29,SULAWESI BARAT
3757,2020-06-09,1,0,0,1,95,63,2,30,SULAWESI BARAT
3758,2020-06-10,1,0,3,-2,96,66,2,28,SULAWESI BARAT
3759,2020-06-11,1,0,0,1,97,66,2,29,SULAWESI BARAT
3760,2020-06-12,0,0,4,-4,97,70,2,25,SULAWESI BARAT
3761,2020-06-13,1,0,1,0,98,71,2,25,SULAWESI BARAT
3762,2020-06-14,0,0,0,0,98,71,2,25,SULAWESI BARAT
3763,2020-06-15,0,0,0,0,98,71,2,25,SULAWESI BARAT
3764,2020-06-16,1,0,5,-4,99,76,2,21,SULAWESI BARAT
3765,2020-06-17,5,0,0,5,104,76,2,26,SULAWESI BARAT
3766,2020-06-18,0,0,1,-1,104,77,2,25,SULAWESI BARAT
3767,2020-06-19,0,0,0,0,104,77,2,25,SULAWESI BARAT
3768,2020-06-20,0,0,0,0,104,77,2,25,SULAWESI BARAT
3769,2020-06-21,0,0,0,0,104,77,2,25,SULAWESI BARAT
3770,2020-06-22,0,0,1,-1,104,78,2,24,SULAWESI BARAT
3771,2020-06-23,1,0,0,1,105,78,2,25,SULAWESI BARAT
3772,2020-06-24,1,0,1,0,106,79,2,25,SULAWESI BARAT
3773,2020-06-25,3,0,0,3,109,79,2,28,SULAWESI BARAT
3774,2020-06-26,4,0,4,0,113,83,2,28,SULAWESI BARAT
3775,2020-06-27,1,0,0,1,114,83,2,29,SULAWESI BARAT
3776,2020-06-28,0,0,0,0,114,83,2,29,SULAWESI BARAT
3777,2020-06-29,1,0,1,0,115,84,2,29,SULAWESI BARAT
3778,2020-06-30,2,0,0,2,117,84,2,31,SULAWESI BARAT
3779,2020-07-01,2,0,1,1,119,85,2,32,SULAWESI BARAT
3780,2020-07-02,1,0,0,1,120,85,2,33,SULAWESI BARAT
3781,2020-07-03,4,0,0,4,124,85,2,37,SULAWESI BARAT
3782,2020-07-04,0,0,0,0,124,85,2,37,SULAWESI BARAT
3783,2020-07-05,0,0,4,-4,124,89,2,33,SULAWESI BARAT
3784,2020-07-06,3,0,0,3,127,89,2,36,SULAWESI BARAT
3785,2020-07-07,2,0,1,1,129,90,2,37,SULAWESI BARAT
3786,2020-07-08,1,0,0,1,130,90,2,38,SULAWESI BARAT
3787,2020-07-09,5,1,1,3,135,91,3,41,SULAWESI BARAT
3788,2020-07-10,3,0,1,2,138,92,3,43,SULAWESI BARAT
3789,2020-07-11,4,0,3,1,142,95,3,44,SULAWESI BARAT
3790,2020-07-12,1,0,0,1,143,95,3,45,SULAWESI BARAT
3791,2020-07-13,3,0,3,0,146,98,3,45,SULAWESI BARAT
3792,2020-07-14,6,0,0,6,152,98,3,51,SULAWESI BARAT
3793,2020-07-15,2,0,4,-2,154,102,3,49,SULAWESI BARAT
3794,2020-07-16,0,0,1,-1,154,103,3,48,SULAWESI BARAT
3795,2020-07-17,4,0,1,3,158,104,3,51,SULAWESI BARAT
3796,2020-07-18,1,0,1,0,159,105,3,51,SULAWESI BARAT
3797,2020-07-19,7,0,9,-2,166,114,3,49,SULAWESI BARAT
3798,2020-07-20,1,0,0,1,167,114,3,50,SULAWESI BARAT
3799,2020-07-21,2,0,0,2,169,114,3,52,SULAWESI BARAT
3800,2020-07-22,2,0,3,-1,171,117,3,51,SULAWESI BARAT
3801,2020-07-23,4,0,0,4,175,117,3,55,SULAWESI BARAT
3802,2020-07-24,12,0,2,10,187,119,3,65,SULAWESI BARAT
3803,2020-07-25,5,0,0,5,192,119,3,70,SULAWESI BARAT
3804,2020-07-26,1,0,0,1,193,119,3,71,SULAWESI BARAT
3805,2020-07-27,2,0,0,2,195,119,3,73,SULAWESI BARAT
3806,2020-07-28,6,0,6,0,201,125,3,73,SULAWESI BARAT
3807,2020-07-29,22,1,7,14,223,132,4,87,SULAWESI BARAT
3808,2020-07-30,7,0,8,-1,230,140,4,86,SULAWESI BARAT
3809,2020-07-31,2,0,0,2,232,140,4,88,SULAWESI BARAT
3810,2020-08-01,6,0,4,2,238,144,4,90,SULAWESI BARAT
3811,2020-08-02,1,1,3,-3,239,147,5,87,SULAWESI BARAT
3812,2020-08-03,3,0,3,0,242,150,5,87,SULAWESI BARAT
3813,2020-08-04,3,0,1,2,245,151,5,89,SULAWESI BARAT
3814,2020-08-05,20,0,0,20,265,151,5,109,SULAWESI BARAT
3815,2020-08-06,2,0,7,-5,267,158,5,104,SULAWESI BARAT
3816,2020-08-07,8,0,7,1,275,165,5,105,SULAWESI BARAT
3817,2020-08-08,0,0,7,-7,275,172,5,98,SULAWESI BARAT
3818,2020-08-09,0,0,0,0,275,172,5,98,SULAWESI BARAT
3819,2020-08-10,7,0,6,1,282,178,5,99,SULAWESI BARAT
3820,2020-08-11,0,1,0,-1,282,178,6,98,SULAWESI BARAT
3821,2020-08-12,5,1,9,-5,287,187,7,93,SULAWESI BARAT
3822,2020-08-13,12,0,4,8,299,191,7,101,SULAWESI BARAT
3823,2020-08-14,7,0,12,-5,306,203,7,96,SULAWESI BARAT
3824,2020-03-29,1,0,0,1,1,0,0,1,JAMBI
3825,2020-03-30,0,0,0,0,1,0,0,1,JAMBI
3826,2020-03-31,0,0,0,0,1,0,0,1,JAMBI
3827,2020-04-01,0,0,0,0,1,0,0,1,JAMBI
3828,2020-04-02,0,0,0,0,1,0,0,1,JAMBI
3829,2020-04-03,0,0,0,0,1,0,0,1,JAMBI
3830,2020-04-04,0,0,0,0,1,0,0,1,JAMBI
3831,2020-04-05,0,0,0,0,1,0,0,1,JAMBI
3832,2020-04-06,0,0,0,0,1,0,0,1,JAMBI
3833,2020-04-07,0,0,0,0,1,0,0,1,JAMBI
3834,2020-04-08,0,0,0,0,1,0,0,1,JAMBI
3835,2020-04-09,0,0,0,0,1,0,0,1,JAMBI
3836,2020-04-10,2,0,0,2,3,0,0,3,JAMBI
3837,2020-04-11,0,0,0,0,3,0,0,3,JAMBI
3838,2020-04-12,0,0,0,0,3,0,0,3,JAMBI
3839,2020-04-13,1,0,0,1,4,0,0,4,JAMBI
3840,2020-04-14,1,0,0,1,5,0,0,5,JAMBI
3841,2020-04-15,1,0,0,1,6,0,0,6,JAMBI
3842,2020-04-16,1,0,0,1,7,0,0,7,JAMBI
3843,2020-04-17,0,0,1,-1,7,1,0,6,JAMBI
3844,2020-04-18,0,0,0,0,7,1,0,6,JAMBI
3845,2020-04-19,0,0,0,0,7,1,0,6,JAMBI
3846,2020-04-20,5,0,0,5,12,1,0,11,JAMBI
3847,2020-04-21,0,0,0,0,12,1,0,11,JAMBI
3848,2020-04-22,1,0,0,1,13,1,0,12,JAMBI
3849,2020-04-23,4,0,0,4,17,1,0,16,JAMBI
3850,2020-04-24,3,0,0,3,20,1,0,19,JAMBI
3851,2020-04-25,11,0,0,11,31,1,0,30,JAMBI
3852,2020-04-26,0,0,0,0,31,1,0,30,JAMBI
3853,2020-04-27,0,0,0,0,31,1,0,30,JAMBI
3854,2020-04-28,0,0,0,0,31,1,0,30,JAMBI
3855,2020-04-29,0,0,0,0,31,1,0,30,JAMBI
3856,2020-04-30,0,0,0,0,31,1,0,30,JAMBI
3857,2020-05-01,0,0,0,0,31,1,0,30,JAMBI
3858,2020-05-02,6,0,0,6,37,1,0,36,JAMBI
3859,2020-05-03,0,0,0,0,37,1,0,36,JAMBI
3860,2020-05-04,5,0,0,5,42,1,0,41,JAMBI
3861,2020-05-05,4,0,0,4,46,1,0,45,JAMBI
3862,2020-05-06,0,0,0,0,46,1,0,45,JAMBI
3863,2020-05-07,0,0,0,0,46,1,0,45,JAMBI
3864,2020-05-08,15,0,2,13,61,3,0,58,JAMBI
3865,2020-05-09,2,0,0,2,63,3,0,60,JAMBI
3866,2020-05-10,1,0,0,1,64,3,0,61,JAMBI
3867,2020-05-11,0,0,0,0,64,3,0,61,JAMBI
3868,2020-05-12,0,0,0,0,64,3,0,61,JAMBI
3869,2020-05-13,1,0,0,1,65,3,0,62,JAMBI
3870,2020-05-14,3,0,0,3,68,3,0,65,JAMBI
3871,2020-05-15,10,0,1,9,78,4,0,74,JAMBI
3872,2020-05-16,1,0,0,1,79,4,0,75,JAMBI
3873,2020-05-17,1,0,0,1,80,4,0,76,JAMBI
3874,2020-05-18,3,0,0,3,83,4,0,79,JAMBI
3875,2020-05-19,5,0,2,3,88,6,0,82,JAMBI
3876,2020-05-20,0,0,2,-2,88,8,0,80,JAMBI
3877,2020-05-21,2,0,0,2,90,8,0,82,JAMBI
3878,2020-05-22,0,0,5,-5,90,13,0,77,JAMBI
3879,2020-05-23,4,0,2,2,94,15,0,79,JAMBI
3880,2020-05-24,2,0,0,2,96,15,0,81,JAMBI
3881,2020-05-25,0,0,0,0,96,15,0,81,JAMBI
3882,2020-05-26,0,0,0,0,96,15,0,81,JAMBI
3883,2020-05-27,0,0,0,0,96,15,0,81,JAMBI
3884,2020-05-28,0,0,0,0,96,15,0,81,JAMBI
3885,2020-05-29,0,0,0,0,96,15,0,81,JAMBI
3886,2020-05-30,0,0,0,0,96,15,0,81,JAMBI
3887,2020-05-31,0,0,5,-5,96,20,0,76,JAMBI
3888,2020-06-01,0,0,0,0,96,20,0,76,JAMBI
3889,2020-06-02,0,0,7,-7,96,27,0,69,JAMBI
3890,2020-06-03,2,0,0,2,98,27,0,71,JAMBI
3891,2020-06-04,2,0,0,2,100,27,0,73,JAMBI
3892,2020-06-05,2,0,0,2,102,27,0,75,JAMBI
3893,2020-06-06,0,0,0,0,102,27,0,75,JAMBI
3894,2020-06-07,0,0,0,0,102,27,0,75,JAMBI
3895,2020-06-08,0,0,0,0,102,27,0,75,JAMBI
3896,2020-06-09,2,0,0,2,104,27,0,77,JAMBI
3897,2020-06-10,0,0,0,0,104,27,0,77,JAMBI
3898,2020-06-11,1,0,0,1,105,27,0,78,JAMBI
3899,2020-06-12,2,0,10,-8,107,37,0,70,JAMBI
3900,2020-06-13,0,0,0,0,107,37,0,70,JAMBI
3901,2020-06-14,0,0,0,0,107,37,0,70,JAMBI
3902,2020-06-15,0,0,8,-8,107,45,0,62,JAMBI
3903,2020-06-16,1,0,0,1,108,45,0,63,JAMBI
3904,2020-06-17,0,0,0,0,108,45,0,63,JAMBI
3905,2020-06-18,3,0,1,2,111,46,0,65,JAMBI
3906,2020-06-19,0,0,0,0,111,46,0,65,JAMBI
3907,2020-06-20,0,0,0,0,111,46,0,65,JAMBI
3908,2020-06-21,0,0,0,0,111,46,0,65,JAMBI
3909,2020-06-22,2,0,20,-18,113,66,0,47,JAMBI
3910,2020-06-23,0,0,0,0,113,66,0,47,JAMBI
3911,2020-06-24,0,0,0,0,113,66,0,47,JAMBI
3912,2020-06-25,0,0,0,0,113,66,0,47,JAMBI
3913,2020-06-26,3,0,3,0,116,69,0,47,JAMBI
3914,2020-06-27,0,0,0,0,116,69,0,47,JAMBI
3915,2020-06-28,0,0,0,0,116,69,0,47,JAMBI
3916,2020-06-29,0,0,0,0,116,69,0,47,JAMBI
3917,2020-06-30,0,0,8,-8,116,77,0,39,JAMBI
3918,2020-07-01,0,0,0,0,116,77,0,39,JAMBI
3919,2020-07-02,0,0,0,0,116,77,0,39,JAMBI
3920,2020-07-03,0,0,0,0,116,77,0,39,JAMBI
3921,2020-07-04,3,1,4,-2,119,81,1,37,JAMBI
3922,2020-07-05,0,0,0,0,119,81,1,37,JAMBI
3923,2020-07-06,1,0,0,1,120,81,1,38,JAMBI
3924,2020-07-07,0,0,0,0,120,81,1,38,JAMBI
3925,2020-07-08,1,0,0,1,121,81,1,39,JAMBI
3926,2020-07-09,0,0,3,-3,121,84,1,36,JAMBI
3927,2020-07-10,0,0,0,0,121,84,1,36,JAMBI
3928,2020-07-11,0,0,9,-9,121,93,1,27,JAMBI
3929,2020-07-12,0,1,0,-1,121,93,2,26,JAMBI
3930,2020-07-13,2,0,0,2,123,93,2,28,JAMBI
3931,2020-07-14,1,0,2,-1,124,95,2,27,JAMBI
3932,2020-07-15,0,0,0,0,124,95,2,27,JAMBI
3933,2020-07-16,1,0,3,-2,125,98,2,25,JAMBI
3934,2020-07-17,6,0,3,3,131,101,2,28,JAMBI
3935,2020-07-18,0,0,3,-3,131,104,2,25,JAMBI
3936,2020-07-19,0,0,0,0,131,104,2,25,JAMBI
3937,2020-07-20,2,0,0,2,133,104,2,27,JAMBI
3938,2020-07-21,2,0,3,-1,135,107,2,26,JAMBI
3939,2020-07-22,0,0,3,-3,135,110,2,23,JAMBI
3940,2020-07-23,2,0,1,1,137,111,2,24,JAMBI
3941,2020-07-24,1,0,1,0,138,112,2,24,JAMBI
3942,2020-07-25,0,0,0,0,138,112,2,24,JAMBI
3943,2020-07-26,0,0,0,0,138,112,2,24,JAMBI
3944,2020-07-27,0,0,1,-1,138,113,2,23,JAMBI
3945,2020-07-28,15,2,2,11,153,115,4,34,JAMBI
3946,2020-07-29,2,0,0,2,155,115,4,36,JAMBI
3947,2020-07-30,6,0,0,6,161,115,4,42,JAMBI
3948,2020-07-31,6,0,0,6,167,115,4,48,JAMBI
3949,2020-08-01,1,0,0,1,168,115,4,49,JAMBI
3950,2020-08-02,0,0,0,0,168,115,4,49,JAMBI
3951,2020-08-03,19,0,1,18,187,116,4,67,JAMBI
3952,2020-08-04,5,0,0,5,192,116,4,72,JAMBI
3953,2020-08-05,0,0,0,0,192,116,4,72,JAMBI
3954,2020-08-06,12,0,1,11,204,117,4,83,JAMBI
3955,2020-08-07,5,0,0,5,209,117,4,88,JAMBI
3956,2020-08-08,0,0,1,-1,209,118,4,87,JAMBI
3957,2020-08-09,0,0,0,0,209,118,4,87,JAMBI
3958,2020-08-10,0,0,0,0,209,118,4,87,JAMBI
3959,2020-08-11,5,0,1,4,214,119,4,91,JAMBI
3960,2020-08-12,0,0,0,0,214,119,4,91,JAMBI
3961,2020-08-13,7,0,1,6,221,120,4,97,JAMBI
3962,2020-08-14,3,0,1,2,224,121,4,99,JAMBI
3963,2020-03-22,1,0,0,1,1,0,0,1,MALUKU UTARA
3964,2020-03-23,0,0,0,0,1,0,0,1,MALUKU UTARA
3965,2020-03-24,0,0,0,0,1,0,0,1,MALUKU UTARA
3966,2020-03-25,0,0,0,0,1,0,0,1,MALUKU UTARA
3967,2020-03-26,0,0,0,0,1,0,0,1,MALUKU UTARA
3968,2020-03-27,0,0,0,0,1,0,0,1,MALUKU UTARA
3969,2020-03-28,0,0,0,0,1,0,0,1,MALUKU UTARA
3970,2020-03-29,0,0,0,0,1,0,0,1,MALUKU UTARA
3971,2020-03-30,0,0,0,0,1,0,0,1,MALUKU UTARA
3972,2020-03-31,0,0,0,0,1,0,0,1,MALUKU UTARA
3973,2020-04-01,0,0,0,0,1,0,0,1,MALUKU UTARA
3974,2020-04-02,0,0,0,0,1,0,0,1,MALUKU UTARA
3975,2020-04-03,0,0,0,0,1,0,0,1,MALUKU UTARA
3976,2020-04-04,0,0,0,0,1,0,0,1,MALUKU UTARA
3977,2020-04-05,0,0,0,0,1,0,0,1,MALUKU UTARA
3978,2020-04-06,0,0,0,0,1,0,0,1,MALUKU UTARA
3979,2020-04-07,1,0,0,1,2,0,0,2,MALUKU UTARA
3980,2020-04-08,0,0,1,-1,2,1,0,1,MALUKU UTARA
3981,2020-04-09,0,0,0,0,2,1,0,1,MALUKU UTARA
3982,2020-04-10,0,0,0,0,2,1,0,1,MALUKU UTARA
3983,2020-04-11,0,0,0,0,2,1,0,1,MALUKU UTARA
3984,2020-04-12,0,0,0,0,2,1,0,1,MALUKU UTARA
3985,2020-04-13,0,0,0,0,2,1,0,1,MALUKU UTARA
3986,2020-04-14,2,0,1,1,4,2,0,2,MALUKU UTARA
3987,2020-04-15,0,0,0,0,4,2,0,2,MALUKU UTARA
3988,2020-04-16,0,0,0,0,4,2,0,2,MALUKU UTARA
3989,2020-04-17,0,0,0,0,4,2,0,2,MALUKU UTARA
3990,2020-04-18,0,0,0,0,4,2,0,2,MALUKU UTARA
3991,2020-04-19,0,0,0,0,4,2,0,2,MALUKU UTARA
3992,2020-04-20,0,0,0,0,4,2,0,2,MALUKU UTARA
3993,2020-04-21,8,0,0,8,12,2,0,10,MALUKU UTARA
3994,2020-04-22,2,0,0,2,14,2,0,12,MALUKU UTARA
3995,2020-04-23,0,0,0,0,14,2,0,12,MALUKU UTARA
3996,2020-04-24,0,0,1,-1,14,3,0,11,MALUKU UTARA
3997,2020-04-25,12,0,0,12,26,3,0,23,MALUKU UTARA
3998,2020-04-26,0,0,0,0,26,3,0,23,MALUKU UTARA
3999,2020-04-27,0,0,1,-1,26,4,0,22,MALUKU UTARA
4000,2020-04-28,0,0,0,0,26,4,0,22,MALUKU UTARA
4001,2020-04-29,14,0,0,14,40,4,0,36,MALUKU UTARA
4002,2020-04-30,1,0,0,1,41,4,0,37,MALUKU UTARA
4003,2020-05-01,0,0,0,0,41,4,0,37,MALUKU UTARA
4004,2020-05-02,9,0,2,7,50,6,0,44,MALUKU UTARA
4005,2020-05-03,0,0,0,0,50,6,0,44,MALUKU UTARA
4006,2020-05-04,0,0,0,0,50,6,0,44,MALUKU UTARA
4007,2020-05-05,0,0,0,0,50,6,0,44,MALUKU UTARA
4008,2020-05-06,0,0,0,0,50,6,0,44,MALUKU UTARA
4009,2020-05-07,0,0,3,-3,50,9,0,41,MALUKU UTARA
4010,2020-05-08,4,0,0,4,54,9,0,45,MALUKU UTARA
4011,2020-05-09,0,0,0,0,54,9,0,45,MALUKU UTARA
4012,2020-05-10,0,0,0,0,54,9,0,45,MALUKU UTARA
4013,2020-05-11,0,0,0,0,54,9,0,45,MALUKU UTARA
4014,2020-05-12,23,3,0,20,77,9,3,65,MALUKU UTARA
4015,2020-05-13,4,0,3,1,81,12,3,66,MALUKU UTARA
4016,2020-05-14,4,1,1,2,85,13,4,68,MALUKU UTARA
4017,2020-05-15,3,0,0,3,88,13,4,71,MALUKU UTARA
4018,2020-05-16,4,0,0,4,92,13,4,75,MALUKU UTARA
4019,2020-05-17,1,0,0,1,93,13,4,76,MALUKU UTARA
4020,2020-05-18,2,0,0,2,95,13,4,78,MALUKU UTARA
4021,2020-05-19,1,0,0,1,96,13,4,79,MALUKU UTARA
4022,2020-05-20,1,0,0,1,97,13,4,80,MALUKU UTARA
4023,2020-05-21,2,0,0,2,99,13,4,82,MALUKU UTARA
4024,2020-05-22,0,0,0,0,99,13,4,82,MALUKU UTARA
4025,2020-05-23,1,1,0,0,100,13,5,82,MALUKU UTARA
4026,2020-05-24,7,0,0,7,107,13,5,89,MALUKU UTARA
4027,2020-05-25,11,1,4,6,118,17,6,95,MALUKU UTARA
4028,2020-05-26,1,0,4,-3,119,21,6,92,MALUKU UTARA
4029,2020-05-27,9,1,0,8,128,21,7,100,MALUKU UTARA
4030,2020-05-28,11,0,0,11,139,21,7,111,MALUKU UTARA
4031,2020-05-29,7,0,6,1,146,27,7,112,MALUKU UTARA
4032,2020-05-30,7,3,0,4,153,27,10,116,MALUKU UTARA
4033,2020-05-31,7,3,2,2,160,29,13,118,MALUKU UTARA
4034,2020-06-01,14,1,0,13,174,29,14,131,MALUKU UTARA
4035,2020-06-02,2,1,1,0,176,30,15,131,MALUKU UTARA
4036,2020-06-03,1,2,0,-1,177,30,17,130,MALUKU UTARA
4037,2020-06-04,1,0,0,1,178,30,17,131,MALUKU UTARA
4038,2020-06-05,7,0,3,4,185,33,17,135,MALUKU UTARA
4039,2020-06-06,1,0,0,1,186,33,17,136,MALUKU UTARA
4040,2020-06-07,0,0,0,0,186,33,17,136,MALUKU UTARA
4041,2020-06-08,28,0,0,28,214,33,17,164,MALUKU UTARA
4042,2020-06-09,13,0,4,9,227,37,17,173,MALUKU UTARA
4043,2020-06-10,35,5,2,28,262,39,22,201,MALUKU UTARA
4044,2020-06-11,22,0,1,21,284,40,22,222,MALUKU UTARA
4045,2020-06-12,17,0,0,17,301,40,22,239,MALUKU UTARA
4046,2020-06-13,8,0,8,0,309,48,22,239,MALUKU UTARA
4047,2020-06-14,2,0,0,2,311,48,22,241,MALUKU UTARA
4048,2020-06-15,3,0,0,3,314,48,22,244,MALUKU UTARA
4049,2020-06-16,7,0,0,7,321,48,22,251,MALUKU UTARA
4050,2020-06-17,21,0,1,20,342,49,22,271,MALUKU UTARA
4051,2020-06-18,40,0,2,38,382,51,22,309,MALUKU UTARA
4052,2020-06-19,17,0,5,12,399,56,22,321,MALUKU UTARA
4053,2020-06-20,11,0,0,11,410,56,22,332,MALUKU UTARA
4054,2020-06-21,20,2,14,4,430,70,24,336,MALUKU UTARA
4055,2020-06-22,33,1,12,20,463,82,25,356,MALUKU UTARA
4056,2020-06-23,96,0,6,90,559,88,25,446,MALUKU UTARA
4057,2020-06-24,77,3,1,73,636,89,28,519,MALUKU UTARA
4058,2020-06-25,34,2,8,24,670,97,30,543,MALUKU UTARA
4059,2020-06-26,37,0,2,35,707,99,30,578,MALUKU UTARA
4060,2020-06-27,11,0,4,7,718,103,30,585,MALUKU UTARA
4061,2020-06-28,0,0,0,0,718,103,30,585,MALUKU UTARA
4062,2020-06-29,9,0,2,7,727,105,30,592,MALUKU UTARA
4063,2020-06-30,140,0,7,133,867,112,30,725,MALUKU UTARA
4064,2020-07-01,68,0,5,63,935,117,30,788,MALUKU UTARA
4065,2020-07-02,10,1,2,7,945,119,31,795,MALUKU UTARA
4066,2020-07-03,3,0,4,-1,948,123,31,794,MALUKU UTARA
4067,2020-07-04,0,0,0,0,948,123,31,794,MALUKU UTARA
4068,2020-07-05,0,0,0,0,948,123,31,794,MALUKU UTARA
4069,2020-07-06,14,0,1,13,962,124,31,807,MALUKU UTARA
4070,2020-07-07,70,0,4,66,1032,128,31,873,MALUKU UTARA
4071,2020-07-08,73,2,2,69,1105,130,33,942,MALUKU UTARA
4072,2020-07-09,24,0,1,23,1129,131,33,965,MALUKU UTARA
4073,2020-07-10,23,0,0,23,1152,131,33,988,MALUKU UTARA
4074,2020-07-11,8,4,1,3,1160,132,37,991,MALUKU UTARA
4075,2020-07-12,13,1,4,8,1173,136,38,999,MALUKU UTARA
4076,2020-07-13,2,0,4,-2,1175,140,38,997,MALUKU UTARA
4077,2020-07-14,39,0,3,36,1214,143,38,1033,MALUKU UTARA
4078,2020-07-15,27,0,4,23,1241,147,38,1056,MALUKU UTARA
4079,2020-07-16,11,0,5,6,1252,152,38,1062,MALUKU UTARA
4080,2020-07-17,33,0,23,10,1285,175,38,1072,MALUKU UTARA
4081,2020-07-18,8,0,10,-2,1293,185,38,1070,MALUKU UTARA
4082,2020-07-19,3,0,5,-2,1296,190,38,1068,MALUKU UTARA
4083,2020-07-20,42,0,6,36,1338,196,38,1104,MALUKU UTARA
4084,2020-07-21,8,2,8,-2,1346,204,40,1102,MALUKU UTARA
4085,2020-07-22,9,0,37,-28,1355,241,40,1074,MALUKU UTARA
4086,2020-07-23,27,2,18,7,1382,259,42,1081,MALUKU UTARA
4087,2020-07-24,37,3,5,29,1419,264,45,1110,MALUKU UTARA
4088,2020-07-25,32,1,4,27,1451,268,46,1137,MALUKU UTARA
4089,2020-07-26,14,1,21,-8,1465,289,47,1129,MALUKU UTARA
4090,2020-07-27,38,0,22,16,1503,311,47,1145,MALUKU UTARA
4091,2020-07-28,31,1,17,13,1534,328,48,1158,MALUKU UTARA
4092,2020-07-29,6,2,0,4,1540,328,50,1162,MALUKU UTARA
4093,2020-07-30,0,0,0,0,1540,328,50,1162,MALUKU UTARA
4094,2020-07-31,13,0,0,13,1553,328,50,1175,MALUKU UTARA
4095,2020-08-01,14,0,0,14,1567,328,50,1189,MALUKU UTARA
4096,2020-08-02,5,0,17,-12,1572,345,50,1177,MALUKU UTARA
4097,2020-08-03,6,0,216,-210,1578,561,50,967,MALUKU UTARA
4098,2020-08-04,7,0,201,-194,1585,762,50,773,MALUKU UTARA
4099,2020-08-05,7,0,88,-81,1592,850,50,692,MALUKU UTARA
4100,2020-08-06,31,0,4,27,1623,854,50,719,MALUKU UTARA
4101,2020-08-07,47,0,0,47,1670,854,50,766,MALUKU UTARA
4102,2020-08-08,4,2,0,2,1674,854,52,768,MALUKU UTARA
4103,2020-08-09,6,4,4,-2,1680,858,56,766,MALUKU UTARA
4104,2020-08-10,11,0,13,-2,1691,871,56,764,MALUKU UTARA
4105,2020-08-11,18,3,51,-36,1709,922,59,728,MALUKU UTARA
4106,2020-08-12,8,0,36,-28,1717,958,59,700,MALUKU UTARA
4107,2020-08-13,12,0,0,12,1729,958,59,712,MALUKU UTARA
4108,2020-08-14,10,0,48,-38,1739,1006,59,674,MALUKU UTARA
4109,2020-03-21,1,0,0,1,1,0,0,1,MALUKU
4110,2020-03-22,0,0,0,0,1,0,0,1,MALUKU
4111,2020-03-23,0,0,0,0,1,0,0,1,MALUKU
4112,2020-03-24,0,0,0,0,1,0,0,1,MALUKU
4113,2020-03-25,0,0,0,0,1,0,0,1,MALUKU
4114,2020-03-26,0,0,0,0,1,0,0,1,MALUKU
4115,2020-03-27,0,0,0,0,1,0,0,1,MALUKU
4116,2020-03-28,0,0,0,0,1,0,0,1,MALUKU
4117,2020-03-29,0,0,0,0,1,0,0,1,MALUKU
4118,2020-03-30,0,0,0,0,1,0,0,1,MALUKU
4119,2020-03-31,0,0,0,0,1,0,0,1,MALUKU
4120,2020-04-01,0,0,0,0,1,0,0,1,MALUKU
4121,2020-04-02,0,0,0,0,1,0,0,1,MALUKU
4122,2020-04-03,0,0,0,0,1,0,0,1,MALUKU
4123,2020-04-04,0,0,0,0,1,0,0,1,MALUKU
4124,2020-04-05,0,0,0,0,1,0,0,1,MALUKU
4125,2020-04-06,0,0,0,0,1,0,0,1,MALUKU
4126,2020-04-07,2,0,0,2,3,0,0,3,MALUKU
4127,2020-04-08,0,0,0,0,3,0,0,3,MALUKU
4128,2020-04-09,0,0,0,0,3,0,0,3,MALUKU
4129,2020-04-10,0,0,0,0,3,0,0,3,MALUKU
4130,2020-04-11,8,0,0,8,11,0,0,11,MALUKU
4131,2020-04-12,0,0,0,0,11,0,0,11,MALUKU
4132,2020-04-13,0,0,0,0,11,0,0,11,MALUKU
4133,2020-04-14,3,0,0,3,14,0,0,14,MALUKU
4134,2020-04-15,0,0,0,0,14,0,0,14,MALUKU
4135,2020-04-16,0,0,0,0,14,0,0,14,MALUKU
4136,2020-04-17,3,0,5,-2,17,5,0,12,MALUKU
4137,2020-04-18,0,0,0,0,17,5,0,12,MALUKU
4138,2020-04-19,0,0,4,-4,17,9,0,8,MALUKU
4139,2020-04-20,0,0,0,0,17,9,0,8,MALUKU
4140,2020-04-21,0,0,0,0,17,9,0,8,MALUKU
4141,2020-04-22,0,0,0,0,17,9,0,8,MALUKU
4142,2020-04-23,0,0,1,-1,17,10,0,7,MALUKU
4143,2020-04-24,3,0,0,3,20,10,0,10,MALUKU
4144,2020-04-25,0,0,0,0,20,10,0,10,MALUKU
4145,2020-04-26,0,0,0,0,20,10,0,10,MALUKU
4146,2020-04-27,2,0,1,1,22,11,0,11,MALUKU
4147,2020-04-28,1,0,0,1,23,11,0,12,MALUKU
4148,2020-04-29,0,0,0,0,23,11,0,12,MALUKU
4149,2020-04-30,0,0,0,0,23,11,0,12,MALUKU
4150,2020-05-01,0,0,0,0,23,11,0,12,MALUKU
4151,2020-05-02,0,0,0,0,23,11,0,12,MALUKU
4152,2020-05-03,0,0,0,0,23,11,0,12,MALUKU
4153,2020-05-04,0,0,0,0,23,11,0,12,MALUKU
4154,2020-05-05,0,2,0,-2,23,11,2,10,MALUKU
4155,2020-05-06,0,0,0,0,23,11,2,10,MALUKU
4156,2020-05-07,9,0,0,9,32,11,2,19,MALUKU
4157,2020-05-08,0,0,0,0,32,11,2,19,MALUKU
4158,2020-05-09,0,0,1,-1,32,12,2,18,MALUKU
4159,2020-05-10,0,2,4,-6,32,16,4,12,MALUKU
4160,2020-05-11,18,0,0,18,50,16,4,30,MALUKU
4161,2020-05-12,0,0,0,0,50,16,4,30,MALUKU
4162,2020-05-13,12,0,0,12,62,16,4,42,MALUKU
4163,2020-05-14,0,0,0,0,62,16,4,42,MALUKU
4164,2020-05-15,0,0,0,0,62,16,4,42,MALUKU
4165,2020-05-16,22,2,4,16,84,20,6,58,MALUKU
4166,2020-05-17,23,0,0,23,107,20,6,81,MALUKU
4167,2020-05-18,0,0,0,0,107,20,6,81,MALUKU
4168,2020-05-19,17,1,0,16,124,20,7,97,MALUKU
4169,2020-05-20,11,0,1,10,135,21,7,107,MALUKU
4170,2020-05-21,22,0,0,22,157,21,7,129,MALUKU
4171,2020-05-22,0,0,0,0,157,21,7,129,MALUKU
4172,2020-05-23,2,0,5,-3,159,26,7,126,MALUKU
4173,2020-05-24,1,0,0,1,160,26,7,127,MALUKU
4174,2020-05-25,0,0,0,0,160,26,7,127,MALUKU
4175,2020-05-26,10,1,7,2,170,33,8,129,MALUKU
4176,2020-05-27,18,0,1,17,188,34,8,146,MALUKU
4177,2020-05-28,27,0,0,27,215,34,8,173,MALUKU
4178,2020-05-29,0,0,1,-1,215,35,8,172,MALUKU
4179,2020-05-30,8,0,0,8,223,35,8,180,MALUKU
4180,2020-05-31,0,0,0,0,223,35,8,180,MALUKU
4181,2020-06-01,0,0,19,-19,223,54,8,161,MALUKU
4182,2020-06-02,15,0,0,15,238,54,8,176,MALUKU
4183,2020-06-03,0,0,7,-7,238,61,8,169,MALUKU
4184,2020-06-04,16,0,2,14,254,63,8,183,MALUKU
4185,2020-06-05,7,0,3,4,261,66,8,187,MALUKU
4186,2020-06-06,8,0,0,8,269,66,8,195,MALUKU
4187,2020-06-07,38,0,13,25,307,79,8,220,MALUKU
4188,2020-06-08,8,0,9,-1,315,88,8,219,MALUKU
4189,2020-06-09,13,0,0,13,328,88,8,232,MALUKU
4190,2020-06-10,0,0,0,0,328,88,8,232,MALUKU
4191,2020-06-11,58,2,15,41,386,103,10,273,MALUKU
4192,2020-06-12,13,0,1,12,399,104,10,285,MALUKU
4193,2020-06-13,21,0,4,17,420,108,10,302,MALUKU
4194,2020-06-14,32,1,0,31,452,108,11,333,MALUKU
4195,2020-06-15,44,2,2,40,496,110,13,373,MALUKU
4196,2020-06-16,24,0,2,22,520,112,13,395,MALUKU
4197,2020-06-17,14,0,0,14,534,112,13,409,MALUKU
4198,2020-06-18,10,0,23,-13,544,135,13,396,MALUKU
4199,2020-06-19,37,0,25,12,581,160,13,408,MALUKU
4200,2020-06-20,17,0,0,17,598,160,13,425,MALUKU
4201,2020-06-21,35,0,3,32,633,163,13,457,MALUKU
4202,2020-06-22,1,0,4,-3,634,167,13,454,MALUKU
4203,2020-06-23,37,1,4,32,671,171,14,486,MALUKU
4204,2020-06-24,13,0,18,-5,684,189,14,481,MALUKU
4205,2020-06-25,7,1,6,0,691,195,15,481,MALUKU
4206,2020-06-26,14,0,22,-8,705,217,15,473,MALUKU
4207,2020-06-27,6,0,12,-6,711,229,15,467,MALUKU
4208,2020-06-28,15,0,27,-12,726,256,15,455,MALUKU
4209,2020-06-29,16,1,7,8,742,263,16,463,MALUKU
4210,2020-06-30,7,0,18,-11,749,281,16,452,MALUKU
4211,2020-07-01,13,1,25,-13,762,306,17,439,MALUKU
4212,2020-07-02,7,0,9,-2,769,315,17,437,MALUKU
4213,2020-07-03,6,0,59,-53,775,374,17,384,MALUKU
4214,2020-07-04,19,0,2,17,794,376,17,401,MALUKU
4215,2020-07-05,10,0,4,6,804,380,17,407,MALUKU
4216,2020-07-06,26,0,33,-7,830,413,17,400,MALUKU
4217,2020-07-07,7,0,52,-45,837,465,17,355,MALUKU
4218,2020-07-08,8,0,21,-13,845,486,17,342,MALUKU
4219,2020-07-09,13,0,22,-9,858,508,17,333,MALUKU
4220,2020-07-10,6,0,30,-24,864,538,17,309,MALUKU
4221,2020-07-11,10,0,25,-15,874,563,17,294,MALUKU
4222,2020-07-12,26,0,4,22,900,567,17,316,MALUKU
4223,2020-07-13,0,0,0,0,900,567,17,316,MALUKU
4224,2020-07-14,20,0,11,9,920,578,17,325,MALUKU
4225,2020-07-15,6,0,19,-13,926,597,17,312,MALUKU
4226,2020-07-16,2,0,1,1,928,598,17,313,MALUKU
4227,2020-07-17,1,1,0,0,929,598,18,313,MALUKU
4228,2020-07-18,31,2,4,25,960,602,20,338,MALUKU
4229,2020-07-19,19,0,10,9,979,612,20,347,MALUKU
4230,2020-07-20,19,0,9,10,998,621,20,357,MALUKU
4231,2020-07-21,0,0,0,0,998,621,20,357,MALUKU
4232,2020-07-22,12,0,7,5,1010,628,20,362,MALUKU
4233,2020-07-23,0,0,3,-3,1010,631,20,359,MALUKU
4234,2020-07-24,6,0,0,6,1016,631,20,365,MALUKU
4235,2020-07-25,29,1,2,26,1045,633,21,391,MALUKU
4236,2020-07-26,0,0,7,-7,1045,640,21,384,MALUKU
4237,2020-07-27,23,1,40,-18,1068,680,22,366,MALUKU
4238,2020-07-28,1,0,16,-15,1069,696,22,351,MALUKU
4239,2020-07-29,24,1,2,21,1093,698,23,372,MALUKU
4240,2020-07-30,0,0,0,0,1093,698,23,372,MALUKU
4241,2020-07-31,31,0,44,-13,1124,742,23,359,MALUKU
4242,2020-08-01,11,0,5,6,1135,747,23,365,MALUKU
4243,2020-08-02,0,0,2,-2,1135,749,23,363,MALUKU
4244,2020-08-03,11,0,6,5,1146,755,23,368,MALUKU
4245,2020-08-04,29,0,12,17,1175,767,23,385,MALUKU
4246,2020-08-05,46,2,11,33,1221,778,25,418,MALUKU
4247,2020-08-06,71,0,7,64,1292,785,25,482,MALUKU
4248,2020-08-07,6,0,4,2,1298,789,25,484,MALUKU
4249,2020-08-08,32,0,1,31,1330,790,25,515,MALUKU
4250,2020-08-09,15,0,12,3,1345,802,25,518,MALUKU
4251,2020-08-10,2,0,53,-51,1347,855,25,467,MALUKU
4252,2020-08-11,20,0,29,-9,1367,884,25,458,MALUKU
4253,2020-08-12,39,0,24,15,1406,908,25,473,MALUKU
4254,2020-08-13,10,0,1,9,1416,909,25,482,MALUKU
4255,2020-08-14,32,3,27,2,1448,936,28,484,MALUKU
4256,2020-04-09,1,0,0,1,1,0,0,1,GORONTALO
4257,2020-04-10,0,0,0,0,1,0,0,1,GORONTALO
4258,2020-04-11,0,0,0,0,1,0,0,1,GORONTALO
4259,2020-04-12,0,0,0,0,1,0,0,1,GORONTALO
4260,2020-04-13,0,0,0,0,1,0,0,1,GORONTALO
4261,2020-04-14,0,0,0,0,1,0,0,1,GORONTALO
4262,2020-04-15,3,0,0,3,4,0,0,4,GORONTALO
4263,2020-04-16,0,0,0,0,4,0,0,4,GORONTALO
4264,2020-04-17,0,0,0,0,4,0,0,4,GORONTALO
4265,2020-04-18,0,0,0,0,4,0,0,4,GORONTALO
4266,2020-04-19,0,0,0,0,4,0,0,4,GORONTALO
4267,2020-04-20,3,1,0,2,7,0,1,6,GORONTALO
4268,2020-04-21,0,0,0,0,7,0,1,6,GORONTALO
4269,2020-04-22,0,0,0,0,7,0,1,6,GORONTALO
4270,2020-04-23,5,0,0,5,12,0,1,11,GORONTALO
4271,2020-04-24,2,0,0,2,14,0,1,13,GORONTALO
4272,2020-04-25,0,0,0,0,14,0,1,13,GORONTALO
4273,2020-04-26,0,0,0,0,14,0,1,13,GORONTALO
4274,2020-04-27,1,0,2,-1,15,2,1,12,GORONTALO
4275,2020-04-28,0,0,0,0,15,2,1,12,GORONTALO
4276,2020-04-29,0,0,0,0,15,2,1,12,GORONTALO
4277,2020-04-30,0,0,0,0,15,2,1,12,GORONTALO
4278,2020-05-01,0,0,0,0,15,2,1,12,GORONTALO
4279,2020-05-02,0,0,0,0,15,2,1,12,GORONTALO
4280,2020-05-03,0,0,0,0,15,2,1,12,GORONTALO
4281,2020-05-04,0,0,4,-4,15,6,1,8,GORONTALO
4282,2020-05-05,0,0,1,-1,15,7,1,7,GORONTALO
4283,2020-05-06,4,0,0,4,19,7,1,11,GORONTALO
4284,2020-05-07,0,0,3,-3,19,10,1,8,GORONTALO
4285,2020-05-08,0,0,0,0,19,10,1,8,GORONTALO
4286,2020-05-09,0,0,1,-1,19,11,1,7,GORONTALO
4287,2020-05-10,0,0,0,0,19,11,1,7,GORONTALO
4288,2020-05-11,0,0,0,0,19,11,1,7,GORONTALO
4289,2020-05-12,0,0,1,-1,19,12,1,6,GORONTALO
4290,2020-05-13,2,0,1,1,21,13,1,7,GORONTALO
4291,2020-05-14,1,0,1,0,22,14,1,7,GORONTALO
4292,2020-05-15,1,1,0,0,23,14,2,7,GORONTALO
4293,2020-05-16,1,0,0,1,24,14,2,8,GORONTALO
4294,2020-05-17,4,0,0,4,28,14,2,12,GORONTALO
4295,2020-05-18,0,0,0,0,28,14,2,12,GORONTALO
4296,2020-05-19,0,0,1,-1,28,15,2,11,GORONTALO
4297,2020-05-20,16,0,0,16,44,15,2,27,GORONTALO
4298,2020-05-21,3,0,2,1,47,17,2,28,GORONTALO
4299,2020-05-22,2,0,1,1,49,18,2,29,GORONTALO
4300,2020-05-23,9,0,0,9,58,18,2,38,GORONTALO
4301,2020-05-24,0,0,0,0,58,18,2,38,GORONTALO
4302,2020-05-25,0,0,0,0,58,18,2,38,GORONTALO
4303,2020-05-26,2,0,0,2,60,18,2,40,GORONTALO
4304,2020-05-27,5,1,1,3,65,19,3,43,GORONTALO
4305,2020-05-28,3,0,4,-1,68,23,3,42,GORONTALO
4306,2020-05-29,1,2,0,-1,69,23,5,41,GORONTALO
4307,2020-05-30,25,1,3,21,94,26,6,62,GORONTALO
4308,2020-05-31,0,0,0,0,94,26,6,62,GORONTALO
4309,2020-06-01,14,0,3,11,108,29,6,73,GORONTALO
4310,2020-06-02,10,0,0,10,118,29,6,83,GORONTALO
4311,2020-06-03,3,0,1,2,121,30,6,85,GORONTALO
4312,2020-06-04,0,0,4,-4,121,34,6,81,GORONTALO
4313,2020-06-05,5,0,21,-16,126,55,6,65,GORONTALO
4314,2020-06-06,8,0,4,4,134,59,6,69,GORONTALO
4315,2020-06-07,0,1,4,-5,134,63,7,64,GORONTALO
4316,2020-06-08,5,0,7,-2,139,70,7,62,GORONTALO
4317,2020-06-09,6,0,2,4,145,72,7,66,GORONTALO
4318,2020-06-10,3,0,10,-7,148,82,7,59,GORONTALO
4319,2020-06-11,33,0,1,32,181,83,7,91,GORONTALO
4320,2020-06-12,4,1,0,3,185,83,8,94,GORONTALO
4321,2020-06-13,0,0,8,-8,185,91,8,86,GORONTALO
4322,2020-06-14,23,0,1,22,208,92,8,108,GORONTALO
4323,2020-06-15,6,0,2,4,214,94,8,112,GORONTALO
4324,2020-06-16,0,0,32,-32,214,126,8,80,GORONTALO
4325,2020-06-17,0,0,0,0,214,126,8,80,GORONTALO
4326,2020-06-18,6,0,0,6,220,126,8,86,GORONTALO
4327,2020-06-19,0,0,13,-13,220,139,8,73,GORONTALO
4328,2020-06-20,7,0,1,6,227,140,8,79,GORONTALO
4329,2020-06-21,3,0,5,-2,230,145,8,77,GORONTALO
4330,2020-06-22,1,0,30,-29,231,175,8,48,GORONTALO
4331,2020-06-23,7,0,0,7,238,175,8,55,GORONTALO
4332,2020-06-24,5,0,26,-21,243,201,8,34,GORONTALO
4333,2020-06-25,0,0,0,0,243,201,8,34,GORONTALO
4334,2020-06-26,0,0,0,0,243,201,8,34,GORONTALO
4335,2020-06-27,0,0,0,0,243,201,8,34,GORONTALO
4336,2020-06-28,0,1,12,-13,243,213,9,21,GORONTALO
4337,2020-06-29,6,1,0,5,249,213,10,26,GORONTALO
4338,2020-06-30,0,1,10,-11,249,223,11,15,GORONTALO
4339,2020-07-01,7,0,3,4,256,226,11,19,GORONTALO
4340,2020-07-02,5,0,0,5,261,226,11,24,GORONTALO
4341,2020-07-03,8,0,1,7,269,227,11,31,GORONTALO
4342,2020-07-04,0,0,0,0,269,227,11,31,GORONTALO
4343,2020-07-05,2,2,0,0,271,227,13,31,GORONTALO
4344,2020-07-06,5,2,0,3,276,227,15,34,GORONTALO
4345,2020-07-07,10,2,0,8,286,227,17,42,GORONTALO
4346,2020-07-08,0,0,0,0,286,227,17,42,GORONTALO
4347,2020-07-09,30,0,2,28,316,229,17,70,GORONTALO
4348,2020-07-10,29,0,1,28,345,230,17,98,GORONTALO
4349,2020-07-11,14,0,2,12,359,232,17,110,GORONTALO
4350,2020-07-12,4,3,5,-4,363,237,20,106,GORONTALO
4351,2020-07-13,22,0,7,15,385,244,20,121,GORONTALO
4352,2020-07-14,7,0,13,-6,392,257,20,115,GORONTALO
4353,2020-07-15,24,1,9,14,416,266,21,129,GORONTALO
4354,2020-07-16,9,3,35,-29,425,301,24,100,GORONTALO
4355,2020-07-17,1,2,3,-4,426,304,26,96,GORONTALO
4356,2020-07-18,6,0,7,-1,432,311,26,95,GORONTALO
4357,2020-07-19,105,2,0,103,537,311,28,198,GORONTALO
4358,2020-07-20,79,1,0,78,616,311,29,276,GORONTALO
4359,2020-07-21,0,1,0,-1,616,311,30,275,GORONTALO
4360,2020-07-22,4,1,11,-8,620,322,31,267,GORONTALO
4361,2020-07-23,74,0,11,63,694,333,31,330,GORONTALO
4362,2020-07-24,102,0,14,88,796,347,31,418,GORONTALO
4363,2020-07-25,24,2,35,-13,820,382,33,405,GORONTALO
4364,2020-07-26,31,0,15,16,851,397,33,421,GORONTALO
4365,2020-07-27,4,0,43,-39,855,440,33,382,GORONTALO
4366,2020-07-28,102,0,11,91,957,451,33,473,GORONTALO
4367,2020-07-29,58,0,18,40,1015,469,33,513,GORONTALO
4368,2020-07-30,0,0,76,-76,1015,545,33,437,GORONTALO
4369,2020-07-31,142,1,45,96,1157,590,34,533,GORONTALO
4370,2020-08-01,127,0,61,66,1284,651,34,599,GORONTALO
4371,2020-08-02,38,1,49,-12,1322,700,35,587,GORONTALO
4372,2020-08-03,65,2,63,0,1387,763,37,587,GORONTALO
4373,2020-08-04,40,0,31,9,1427,794,37,596,GORONTALO
4374,2020-08-05,4,0,121,-117,1431,915,37,479,GORONTALO
4375,2020-08-06,38,0,102,-64,1469,1017,37,415,GORONTALO
4376,2020-08-07,80,0,98,-18,1549,1115,37,397,GORONTALO
4377,2020-08-08,7,2,0,5,1556,1115,39,402,GORONTALO
4378,2020-08-09,58,2,19,37,1614,1134,41,439,GORONTALO
4379,2020-08-10,3,0,56,-53,1617,1190,41,386,GORONTALO
4380,2020-08-11,47,1,32,14,1664,1222,42,400,GORONTALO
4381,2020-08-12,8,0,24,-16,1672,1246,42,384,GORONTALO
4382,2020-08-13,3,2,25,-24,1675,1271,44,360,GORONTALO
4383,2020-08-14,40,1,18,21,1715,1289,45,381,GORONTALO
4384,2020-03-29,1,0,0,1,1,0,0,1,KEPULAUAN BANGKA BELITUNG
4385,2020-03-30,1,1,0,0,2,0,1,1,KEPULAUAN BANGKA BELITUNG
4386,2020-03-31,0,0,0,0,2,0,1,1,KEPULAUAN BANGKA BELITUNG
4387,2020-04-01,0,0,0,0,2,0,1,1,KEPULAUAN BANGKA BELITUNG
4388,2020-04-02,0,0,0,0,2,0,1,1,KEPULAUAN BANGKA BELITUNG
4389,2020-04-03,0,0,0,0,2,0,1,1,KEPULAUAN BANGKA BELITUNG
4390,2020-04-04,0,0,0,0,2,0,1,1,KEPULAUAN BANGKA BELITUNG
4391,2020-04-05,0,0,0,0,2,0,1,1,KEPULAUAN BANGKA BELITUNG
4392,2020-04-06,0,0,0,0,2,0,1,1,KEPULAUAN BANGKA BELITUNG
4393,2020-04-07,0,0,0,0,2,0,1,1,KEPULAUAN BANGKA BELITUNG
4394,2020-04-08,1,0,0,1,3,0,1,2,KEPULAUAN BANGKA BELITUNG
4395,2020-04-09,0,0,0,0,3,0,1,2,KEPULAUAN BANGKA BELITUNG
4396,2020-04-10,1,0,0,1,4,0,1,3,KEPULAUAN BANGKA BELITUNG
4397,2020-04-11,0,0,0,0,4,0,1,3,KEPULAUAN BANGKA BELITUNG
4398,2020-04-12,0,0,0,0,4,0,1,3,KEPULAUAN BANGKA BELITUNG
4399,2020-04-13,0,0,0,0,4,0,1,3,KEPULAUAN BANGKA BELITUNG
4400,2020-04-14,1,0,0,1,5,0,1,4,KEPULAUAN BANGKA BELITUNG
4401,2020-04-15,1,0,0,1,6,0,1,5,KEPULAUAN BANGKA BELITUNG
4402,2020-04-16,0,0,0,0,6,0,1,5,KEPULAUAN BANGKA BELITUNG
4403,2020-04-17,0,0,1,-1,6,1,1,4,KEPULAUAN BANGKA BELITUNG
4404,2020-04-18,1,0,0,1,7,1,1,5,KEPULAUAN BANGKA BELITUNG
4405,2020-04-19,0,0,0,0,7,1,1,5,KEPULAUAN BANGKA BELITUNG
4406,2020-04-20,1,0,1,0,8,2,1,5,KEPULAUAN BANGKA BELITUNG
4407,2020-04-21,0,0,0,0,8,2,1,5,KEPULAUAN BANGKA BELITUNG
4408,2020-04-22,1,0,0,1,9,2,1,6,KEPULAUAN BANGKA BELITUNG
4409,2020-04-23,0,0,0,0,9,2,1,6,KEPULAUAN BANGKA BELITUNG
4410,2020-04-24,0,0,0,0,9,2,1,6,KEPULAUAN BANGKA BELITUNG
4411,2020-04-25,1,0,0,1,10,2,1,7,KEPULAUAN BANGKA BELITUNG
4412,2020-04-26,0,0,0,0,10,2,1,7,KEPULAUAN BANGKA BELITUNG
4413,2020-04-27,0,0,0,0,10,2,1,7,KEPULAUAN BANGKA BELITUNG
4414,2020-04-28,0,0,0,0,10,2,1,7,KEPULAUAN BANGKA BELITUNG
4415,2020-04-29,0,0,2,-2,10,4,1,5,KEPULAUAN BANGKA BELITUNG
4416,2020-04-30,9,0,0,9,19,4,1,14,KEPULAUAN BANGKA BELITUNG
4417,2020-05-01,0,0,0,0,19,4,1,14,KEPULAUAN BANGKA BELITUNG
4418,2020-05-02,1,0,0,1,20,4,1,15,KEPULAUAN BANGKA BELITUNG
4419,2020-05-03,0,0,0,0,20,4,1,15,KEPULAUAN BANGKA BELITUNG
4420,2020-05-04,8,0,0,8,28,4,1,23,KEPULAUAN BANGKA BELITUNG
4421,2020-05-05,0,0,2,-2,28,6,1,21,KEPULAUAN BANGKA BELITUNG
4422,2020-05-06,0,0,0,0,28,6,1,21,KEPULAUAN BANGKA BELITUNG
4423,2020-05-07,0,0,1,-1,28,7,1,20,KEPULAUAN BANGKA BELITUNG
4424,2020-05-08,0,0,0,0,28,7,1,20,KEPULAUAN BANGKA BELITUNG
4425,2020-05-09,1,0,0,1,29,7,1,21,KEPULAUAN BANGKA BELITUNG
4426,2020-05-10,0,0,0,0,29,7,1,21,KEPULAUAN BANGKA BELITUNG
4427,2020-05-11,0,0,0,0,29,7,1,21,KEPULAUAN BANGKA BELITUNG
4428,2020-05-12,0,0,0,0,29,7,1,21,KEPULAUAN BANGKA BELITUNG
4429,2020-05-13,0,0,0,0,29,7,1,21,KEPULAUAN BANGKA BELITUNG
4430,2020-05-14,0,0,17,-17,29,24,1,4,KEPULAUAN BANGKA BELITUNG
4431,2020-05-15,0,0,0,0,29,24,1,4,KEPULAUAN BANGKA BELITUNG
4432,2020-05-16,0,0,0,0,29,24,1,4,KEPULAUAN BANGKA BELITUNG
4433,2020-05-17,0,0,0,0,29,24,1,4,KEPULAUAN BANGKA BELITUNG
4434,2020-05-18,0,0,0,0,29,24,1,4,KEPULAUAN BANGKA BELITUNG
4435,2020-05-19,6,0,1,5,35,25,1,9,KEPULAUAN BANGKA BELITUNG
4436,2020-05-20,1,0,1,0,36,26,1,9,KEPULAUAN BANGKA BELITUNG
4437,2020-05-21,0,0,0,0,36,26,1,9,KEPULAUAN BANGKA BELITUNG
4438,2020-05-22,3,0,1,2,39,27,1,11,KEPULAUAN BANGKA BELITUNG
4439,2020-05-23,0,0,0,0,39,27,1,11,KEPULAUAN BANGKA BELITUNG
4440,2020-05-24,0,0,0,0,39,27,1,11,KEPULAUAN BANGKA BELITUNG
4441,2020-05-25,0,0,0,0,39,27,1,11,KEPULAUAN BANGKA BELITUNG
4442,2020-05-26,3,0,0,3,42,27,1,14,KEPULAUAN BANGKA BELITUNG
4443,2020-05-27,0,0,0,0,42,27,1,14,KEPULAUAN BANGKA BELITUNG
4444,2020-05-28,0,0,0,0,42,27,1,14,KEPULAUAN BANGKA BELITUNG
4445,2020-05-29,3,0,0,3,45,27,1,17,KEPULAUAN BANGKA BELITUNG
4446,2020-05-30,1,0,1,0,46,28,1,17,KEPULAUAN BANGKA BELITUNG
4447,2020-05-31,0,0,0,0,46,28,1,17,KEPULAUAN BANGKA BELITUNG
4448,2020-06-01,4,0,1,3,50,29,1,20,KEPULAUAN BANGKA BELITUNG
4449,2020-06-02,12,0,3,9,62,32,1,29,KEPULAUAN BANGKA BELITUNG
4450,2020-06-03,10,0,2,8,72,34,1,37,KEPULAUAN BANGKA BELITUNG
4451,2020-06-04,9,0,0,9,81,34,1,46,KEPULAUAN BANGKA BELITUNG
4452,2020-06-05,17,0,1,16,98,35,1,62,KEPULAUAN BANGKA BELITUNG
4453,2020-06-06,4,0,1,3,102,36,1,65,KEPULAUAN BANGKA BELITUNG
4454,2020-06-07,0,0,1,-1,102,37,1,64,KEPULAUAN BANGKA BELITUNG
4455,2020-06-08,19,0,5,14,121,42,1,78,KEPULAUAN BANGKA BELITUNG
4456,2020-06-09,2,0,1,1,123,43,1,79,KEPULAUAN BANGKA BELITUNG
4457,2020-06-10,3,0,3,0,126,46,1,79,KEPULAUAN BANGKA BELITUNG
4458,2020-06-11,6,0,8,-2,132,54,1,77,KEPULAUAN BANGKA BELITUNG
4459,2020-06-12,4,0,9,-5,136,63,1,72,KEPULAUAN BANGKA BELITUNG
4460,2020-06-13,8,1,0,7,144,63,2,79,KEPULAUAN BANGKA BELITUNG
4461,2020-06-14,0,0,0,0,144,63,2,79,KEPULAUAN BANGKA BELITUNG
4462,2020-06-15,1,0,5,-4,145,68,2,75,KEPULAUAN BANGKA BELITUNG
4463,2020-06-16,2,0,27,-25,147,95,2,50,KEPULAUAN BANGKA BELITUNG
4464,2020-06-17,0,0,6,-6,147,101,2,44,KEPULAUAN BANGKA BELITUNG
4465,2020-06-18,0,0,6,-6,147,107,2,38,KEPULAUAN BANGKA BELITUNG
4466,2020-06-19,1,0,0,1,148,107,2,39,KEPULAUAN BANGKA BELITUNG
4467,2020-06-20,0,0,0,0,148,107,2,39,KEPULAUAN BANGKA BELITUNG
4468,2020-06-21,0,0,10,-10,148,117,2,29,KEPULAUAN BANGKA BELITUNG
4469,2020-06-22,0,0,0,0,148,117,2,29,KEPULAUAN BANGKA BELITUNG
4470,2020-06-23,0,0,9,-9,148,126,2,20,KEPULAUAN BANGKA BELITUNG
4471,2020-06-24,0,0,1,-1,148,127,2,19,KEPULAUAN BANGKA BELITUNG
4472,2020-06-25,0,0,3,-3,148,130,2,16,KEPULAUAN BANGKA BELITUNG
4473,2020-06-26,1,0,2,-1,149,132,2,15,KEPULAUAN BANGKA BELITUNG
4474,2020-06-27,0,0,0,0,149,132,2,15,KEPULAUAN BANGKA BELITUNG
4475,2020-06-28,3,0,1,2,152,133,2,17,KEPULAUAN BANGKA BELITUNG
4476,2020-06-29,0,0,1,-1,152,134,2,16,KEPULAUAN BANGKA BELITUNG
4477,2020-06-30,3,0,1,2,155,135,2,18,KEPULAUAN BANGKA BELITUNG
4478,2020-07-01,0,0,1,-1,155,136,2,17,KEPULAUAN BANGKA BELITUNG
4479,2020-07-02,2,0,0,2,157,136,2,19,KEPULAUAN BANGKA BELITUNG
4480,2020-07-03,4,0,0,4,161,136,2,23,KEPULAUAN BANGKA BELITUNG
4481,2020-07-04,2,0,0,2,163,136,2,25,KEPULAUAN BANGKA BELITUNG
4482,2020-07-05,6,0,0,6,169,136,2,31,KEPULAUAN BANGKA BELITUNG
4483,2020-07-06,2,0,3,-1,171,139,2,30,KEPULAUAN BANGKA BELITUNG
4484,2020-07-07,0,0,0,0,171,139,2,30,KEPULAUAN BANGKA BELITUNG
4485,2020-07-08,0,0,1,-1,171,140,2,29,KEPULAUAN BANGKA BELITUNG
4486,2020-07-09,0,0,1,-1,171,141,2,28,KEPULAUAN BANGKA BELITUNG
4487,2020-07-10,1,0,1,0,172,142,2,28,KEPULAUAN BANGKA BELITUNG
4488,2020-07-11,0,0,0,0,172,142,2,28,KEPULAUAN BANGKA BELITUNG
4489,2020-07-12,0,0,3,-3,172,145,2,25,KEPULAUAN BANGKA BELITUNG
4490,2020-07-13,2,0,0,2,174,145,2,27,KEPULAUAN BANGKA BELITUNG
4491,2020-07-14,1,0,5,-4,175,150,2,23,KEPULAUAN BANGKA BELITUNG
4492,2020-07-15,0,0,16,-16,175,166,2,7,KEPULAUAN BANGKA BELITUNG
4493,2020-07-16,0,0,0,0,175,166,2,7,KEPULAUAN BANGKA BELITUNG
4494,2020-07-17,1,0,1,0,176,167,2,7,KEPULAUAN BANGKA BELITUNG
4495,2020-07-18,0,0,0,0,176,167,2,7,KEPULAUAN BANGKA BELITUNG
4496,2020-07-19,4,0,0,4,180,167,2,11,KEPULAUAN BANGKA BELITUNG
4497,2020-07-20,0,0,0,0,180,167,2,11,KEPULAUAN BANGKA BELITUNG
4498,2020-07-21,1,0,2,-1,181,169,2,10,KEPULAUAN BANGKA BELITUNG
4499,2020-07-22,1,0,0,1,182,169,2,11,KEPULAUAN BANGKA BELITUNG
4500,2020-07-23,3,0,0,3,185,169,2,14,KEPULAUAN BANGKA BELITUNG
4501,2020-07-24,1,0,3,-2,186,172,2,12,KEPULAUAN BANGKA BELITUNG
4502,2020-07-25,2,0,1,1,188,173,2,13,KEPULAUAN BANGKA BELITUNG
4503,2020-07-26,3,0,0,3,191,173,2,16,KEPULAUAN BANGKA BELITUNG
4504,2020-07-27,0,0,0,0,191,173,2,16,KEPULAUAN BANGKA BELITUNG
4505,2020-07-28,2,0,0,2,193,173,2,18,KEPULAUAN BANGKA BELITUNG
4506,2020-07-29,0,0,0,0,193,173,2,18,KEPULAUAN BANGKA BELITUNG
4507,2020-07-30,0,0,0,0,193,173,2,18,KEPULAUAN BANGKA BELITUNG
4508,2020-07-31,0,0,0,0,193,173,2,18,KEPULAUAN BANGKA BELITUNG
4509,2020-08-01,0,0,0,0,193,173,2,18,KEPULAUAN BANGKA BELITUNG
4510,2020-08-02,3,0,0,3,196,173,2,21,KEPULAUAN BANGKA BELITUNG
4511,2020-08-03,0,0,2,-2,196,175,2,19,KEPULAUAN BANGKA BELITUNG
4512,2020-08-04,1,0,7,-6,197,182,2,13,KEPULAUAN BANGKA BELITUNG
4513,2020-08-05,0,0,0,0,197,182,2,13,KEPULAUAN BANGKA BELITUNG
4514,2020-08-06,3,0,3,0,200,185,2,13,KEPULAUAN BANGKA BELITUNG
4515,2020-08-07,0,0,3,-3,200,188,2,10,KEPULAUAN BANGKA BELITUNG
4516,2020-08-08,1,0,1,0,201,189,2,10,KEPULAUAN BANGKA BELITUNG
4517,2020-08-09,2,0,0,2,203,189,2,12,KEPULAUAN BANGKA BELITUNG
4518,2020-08-10,0,0,0,0,203,189,2,12,KEPULAUAN BANGKA BELITUNG
4519,2020-08-11,0,0,6,-6,203,195,2,6,KEPULAUAN BANGKA BELITUNG
4520,2020-08-12,0,0,0,0,203,195,2,6,KEPULAUAN BANGKA BELITUNG
4521,2020-08-13,2,0,0,2,205,195,2,8,KEPULAUAN BANGKA BELITUNG
4522,2020-08-14,2,0,0,2,207,195,2,10,KEPULAUAN BANGKA BELITUNG
4523,2020-03-25,1,0,0,1,1,0,0,1,ACEH
4524,2020-03-26,3,0,0,3,4,0,0,4,ACEH
4525,2020-03-27,1,0,0,1,5,0,0,5,ACEH
4526,2020-03-28,0,0,0,0,5,0,0,5,ACEH
4527,2020-03-29,0,0,0,0,5,0,0,5,ACEH
4528,2020-03-30,0,0,0,0,5,0,0,5,ACEH
4529,2020-03-31,0,0,0,0,5,0,0,5,ACEH
4530,2020-04-01,0,0,0,0,5,0,0,5,ACEH
4531,2020-04-02,0,0,0,0,5,0,0,5,ACEH
4532,2020-04-03,0,0,0,0,5,0,0,5,ACEH
4533,2020-04-04,0,0,0,0,5,0,0,5,ACEH
4534,2020-04-05,0,0,0,0,5,0,0,5,ACEH
4535,2020-04-06,0,0,0,0,5,0,0,5,ACEH
4536,2020-04-07,0,0,0,0,5,0,0,5,ACEH
4537,2020-04-08,0,0,1,-1,5,1,0,4,ACEH
4538,2020-04-09,0,0,0,0,5,1,0,4,ACEH
4539,2020-04-10,0,0,0,0,5,1,0,4,ACEH
4540,2020-04-11,0,0,0,0,5,1,0,4,ACEH
4541,2020-04-12,0,0,2,-2,5,3,0,2,ACEH
4542,2020-04-13,0,0,0,0,5,3,0,2,ACEH
4543,2020-04-14,0,0,0,0,5,3,0,2,ACEH
4544,2020-04-15,0,0,0,0,5,3,0,2,ACEH
4545,2020-04-16,0,0,0,0,5,3,0,2,ACEH
4546,2020-04-17,1,0,0,1,6,3,0,3,ACEH
4547,2020-04-18,1,0,0,1,7,3,0,4,ACEH
4548,2020-04-19,0,0,0,0,7,3,0,4,ACEH
4549,2020-04-20,0,0,0,0,7,3,0,4,ACEH
4550,2020-04-21,0,0,0,0,7,3,0,4,ACEH
4551,2020-04-22,0,1,0,-1,7,3,1,3,ACEH
4552,2020-04-23,1,0,0,1,8,3,1,4,ACEH
4553,2020-04-24,1,0,0,1,9,3,1,5,ACEH
4554,2020-04-25,0,0,0,0,9,3,1,5,ACEH
4555,2020-04-26,0,0,1,-1,9,4,1,4,ACEH
4556,2020-04-27,0,0,1,-1,9,5,1,3,ACEH
4557,2020-04-28,0,0,1,-1,9,6,1,2,ACEH
4558,2020-04-29,1,0,0,1,10,6,1,3,ACEH
4559,2020-04-30,1,0,0,1,11,6,1,4,ACEH
4560,2020-05-01,0,0,0,0,11,6,1,4,ACEH
4561,2020-05-02,1,0,2,-1,12,8,1,3,ACEH
4562,2020-05-03,0,0,0,0,12,8,1,3,ACEH
4563,2020-05-04,0,0,0,0,12,8,1,3,ACEH
4564,2020-05-05,5,0,0,5,17,8,1,8,ACEH
4565,2020-05-06,0,0,0,0,17,8,1,8,ACEH
4566,2020-05-07,0,0,3,-3,17,11,1,5,ACEH
4567,2020-05-08,0,0,0,0,17,11,1,5,ACEH
4568,2020-05-09,0,0,0,0,17,11,1,5,ACEH
4569,2020-05-10,0,0,1,-1,17,12,1,4,ACEH
4570,2020-05-11,0,0,0,0,17,12,1,4,ACEH
4571,2020-05-12,0,0,1,-1,17,13,1,3,ACEH
4572,2020-05-13,0,0,0,0,17,13,1,3,ACEH
4573,2020-05-14,0,0,0,0,17,13,1,3,ACEH
4574,2020-05-15,1,0,2,-1,18,15,1,2,ACEH
4575,2020-05-16,0,0,0,0,18,15,1,2,ACEH
4576,2020-05-17,0,0,0,0,18,15,1,2,ACEH
4577,2020-05-18,0,0,0,0,18,15,1,2,ACEH
4578,2020-05-19,0,0,0,0,18,15,1,2,ACEH
4579,2020-05-20,0,0,0,0,18,15,1,2,ACEH
4580,2020-05-21,1,0,1,0,19,16,1,2,ACEH
4581,2020-05-22,0,0,1,-1,19,17,1,1,ACEH
4582,2020-05-23,0,0,0,0,19,17,1,1,ACEH
4583,2020-05-24,0,0,0,0,19,17,1,1,ACEH
4584,2020-05-25,0,0,0,0,19,17,1,1,ACEH
4585,2020-05-26,0,0,0,0,19,17,1,1,ACEH
4586,2020-05-27,1,0,0,1,20,17,1,2,ACEH
4587,2020-05-28,0,0,0,0,20,17,1,2,ACEH
4588,2020-05-29,0,0,0,0,20,17,1,2,ACEH
4589,2020-05-30,0,0,0,0,20,17,1,2,ACEH
4590,2020-05-31,0,0,0,0,20,17,1,2,ACEH
4591,2020-06-01,0,0,0,0,20,17,1,2,ACEH
4592,2020-06-02,0,0,1,-1,20,18,1,1,ACEH
4593,2020-06-03,0,0,0,0,20,18,1,1,ACEH
4594,2020-06-04,0,0,0,0,20,18,1,1,ACEH
4595,2020-06-05,0,0,0,0,20,18,1,1,ACEH
4596,2020-06-06,0,0,0,0,20,18,1,1,ACEH
4597,2020-06-07,0,0,0,0,20,18,1,1,ACEH
4598,2020-06-08,0,0,0,0,20,18,1,1,ACEH
4599,2020-06-09,2,0,0,2,22,18,1,3,ACEH
4600,2020-06-10,0,0,0,0,22,18,1,3,ACEH
4601,2020-06-11,0,0,0,0,22,18,1,3,ACEH
4602,2020-06-12,0,0,1,-1,22,19,1,2,ACEH
4603,2020-06-13,5,0,0,5,27,19,1,7,ACEH
4604,2020-06-14,0,0,0,0,27,19,1,7,ACEH
4605,2020-06-15,0,0,1,-1,27,20,1,6,ACEH
4606,2020-06-16,10,1,0,9,37,20,2,15,ACEH
4607,2020-06-17,1,0,0,1,38,20,2,16,ACEH
4608,2020-06-18,0,0,0,0,38,20,2,16,ACEH
4609,2020-06-19,1,0,0,1,39,20,2,17,ACEH
4610,2020-06-20,10,0,0,10,49,20,2,27,ACEH
4611,2020-06-21,0,0,0,0,49,20,2,27,ACEH
4612,2020-06-22,0,0,0,0,49,20,2,27,ACEH
4613,2020-06-23,4,0,0,4,53,20,2,31,ACEH
4614,2020-06-24,13,0,0,13,66,20,2,44,ACEH
4615,2020-06-25,3,0,0,3,69,20,2,47,ACEH
4616,2020-06-26,8,0,2,6,77,22,2,53,ACEH
4617,2020-06-27,2,0,3,-1,79,25,2,52,ACEH
4618,2020-06-28,0,1,0,-1,79,25,3,51,ACEH
4619,2020-06-29,1,0,1,0,80,26,3,51,ACEH
4620,2020-06-30,6,0,5,1,86,31,3,52,ACEH
4621,2020-07-01,0,0,0,0,86,31,3,52,ACEH
4622,2020-07-02,1,0,0,1,87,31,3,53,ACEH
4623,2020-07-03,0,0,0,0,87,31,3,53,ACEH
4624,2020-07-04,0,0,0,0,87,31,3,53,ACEH
4625,2020-07-05,0,0,9,-9,87,40,3,44,ACEH
4626,2020-07-06,1,0,2,-1,88,42,3,43,ACEH
4627,2020-07-07,1,0,9,-8,89,51,3,35,ACEH
4628,2020-07-08,1,0,3,-2,90,54,3,33,ACEH
4629,2020-07-09,0,0,5,-5,90,59,3,28,ACEH
4630,2020-07-10,9,1,4,4,99,63,4,32,ACEH
4631,2020-07-11,7,0,0,7,106,63,4,39,ACEH
4632,2020-07-12,0,1,0,-1,106,63,5,38,ACEH
4633,2020-07-13,4,0,1,3,110,64,5,41,ACEH
4634,2020-07-14,27,2,0,25,137,64,7,66,ACEH
4635,2020-07-15,3,1,1,1,140,65,8,67,ACEH
4636,2020-07-16,5,0,0,5,145,65,8,72,ACEH
4637,2020-07-17,0,0,0,0,145,65,8,72,ACEH
4638,2020-07-18,1,1,0,0,146,65,9,72,ACEH
4639,2020-07-19,2,0,1,1,148,66,9,73,ACEH
4640,2020-07-20,1,0,5,-4,149,71,9,69,ACEH
4641,2020-07-21,2,0,5,-3,151,76,9,66,ACEH
4642,2020-07-22,7,1,1,5,158,77,10,71,ACEH
4643,2020-07-23,4,0,12,-8,162,89,10,63,ACEH
4644,2020-07-24,6,0,2,4,168,91,10,67,ACEH
4645,2020-07-25,0,0,0,0,168,91,10,67,ACEH
4646,2020-07-26,0,0,0,0,168,91,10,67,ACEH
4647,2020-07-27,25,0,0,25,193,91,10,92,ACEH
4648,2020-07-28,45,2,0,43,238,91,12,135,ACEH
4649,2020-07-29,74,0,0,74,312,91,12,209,ACEH
4650,2020-07-30,98,0,0,98,410,91,12,307,ACEH
4651,2020-07-31,0,0,0,0,410,91,12,307,ACEH
4652,2020-08-01,21,3,0,18,431,91,15,325,ACEH
4653,2020-08-02,2,2,0,0,433,91,17,325,ACEH
4654,2020-08-03,7,0,0,7,440,91,17,332,ACEH
4655,2020-08-04,2,1,0,1,442,91,18,333,ACEH
4656,2020-08-05,41,0,0,41,483,91,18,374,ACEH
4657,2020-08-06,53,0,0,53,536,91,18,427,ACEH
4658,2020-08-07,0,0,0,0,536,91,18,427,ACEH
4659,2020-08-08,44,1,0,43,580,91,19,470,ACEH
4660,2020-08-09,96,0,0,96,676,91,19,566,ACEH
4661,2020-08-10,0,0,0,0,676,91,19,566,ACEH
4662,2020-08-11,72,2,100,-30,748,191,21,536,ACEH
4663,2020-08-12,0,1,0,-1,748,191,22,535,ACEH
4664,2020-08-13,92,2,0,90,840,191,24,625,ACEH
4665,2020-08-14,25,2,0,23,865,191,26,648,ACEH
4666,2020-03-30,1,1,0,0,1,0,1,0,BENGKULU
4667,2020-03-31,0,0,0,0,1,0,1,0,BENGKULU
4668,2020-04-01,0,0,0,0,1,0,1,0,BENGKULU
4669,2020-04-02,1,0,0,1,2,0,1,1,BENGKULU
4670,2020-04-03,0,0,0,0,2,0,1,1,BENGKULU
4671,2020-04-04,0,0,0,0,2,0,1,1,BENGKULU
4672,2020-04-05,0,0,0,0,2,0,1,1,BENGKULU
4673,2020-04-06,0,0,0,0,2,0,1,1,BENGKULU
4674,2020-04-07,0,0,0,0,2,0,1,1,BENGKULU
4675,2020-04-08,2,0,0,2,4,0,1,3,BENGKULU
4676,2020-04-09,0,0,0,0,4,0,1,3,BENGKULU
4677,2020-04-10,0,0,0,0,4,0,1,3,BENGKULU
4678,2020-04-11,0,0,0,0,4,0,1,3,BENGKULU
4679,2020-04-12,0,0,0,0,4,0,1,3,BENGKULU
4680,2020-04-13,0,0,0,0,4,0,1,3,BENGKULU
4681,2020-04-14,0,0,0,0,4,0,1,3,BENGKULU
4682,2020-04-15,0,0,0,0,4,0,1,3,BENGKULU
4683,2020-04-16,0,0,0,0,4,0,1,3,BENGKULU
4684,2020-04-17,0,0,1,-1,4,1,1,2,BENGKULU
4685,2020-04-18,0,0,0,0,4,1,1,2,BENGKULU
4686,2020-04-19,0,0,0,0,4,1,1,2,BENGKULU
4687,2020-04-20,4,0,0,4,8,1,1,6,BENGKULU
4688,2020-04-21,0,0,0,0,8,1,1,6,BENGKULU
4689,2020-04-22,0,0,0,0,8,1,1,6,BENGKULU
4690,2020-04-23,0,0,0,0,8,1,1,6,BENGKULU
4691,2020-04-24,0,0,0,0,8,1,1,6,BENGKULU
4692,2020-04-25,0,0,0,0,8,1,1,6,BENGKULU
4693,2020-04-26,0,0,0,0,8,1,1,6,BENGKULU
4694,2020-04-27,0,1,0,-1,8,1,2,5,BENGKULU
4695,2020-04-28,4,0,0,4,12,1,2,9,BENGKULU
4696,2020-04-29,0,0,0,0,12,1,2,9,BENGKULU
4697,2020-04-30,0,0,0,0,12,1,2,9,BENGKULU
4698,2020-05-01,0,0,0,0,12,1,2,9,BENGKULU
4699,2020-05-02,0,0,0,0,12,1,2,9,BENGKULU
4700,2020-05-03,0,0,0,0,12,1,2,9,BENGKULU
4701,2020-05-04,0,0,0,0,12,1,2,9,BENGKULU
4702,2020-05-05,2,0,0,2,14,1,2,11,BENGKULU
4703,2020-05-06,0,0,0,0,14,1,2,11,BENGKULU
4704,2020-05-07,0,0,0,0,14,1,2,11,BENGKULU
4705,2020-05-08,23,0,0,23,37,1,2,34,BENGKULU
4706,2020-05-09,0,0,0,0,37,1,2,34,BENGKULU
4707,2020-05-10,0,0,0,0,37,1,2,34,BENGKULU
4708,2020-05-11,3,0,0,3,40,1,2,37,BENGKULU
4709,2020-05-12,0,0,0,0,40,1,2,37,BENGKULU
4710,2020-05-13,2,0,0,2,42,1,2,39,BENGKULU
4711,2020-05-14,11,0,0,11,53,1,2,50,BENGKULU
4712,2020-05-15,3,0,0,3,56,1,2,53,BENGKULU
4713,2020-05-16,9,0,0,9,65,1,2,62,BENGKULU
4714,2020-05-17,1,0,0,1,66,1,2,63,BENGKULU
4715,2020-05-18,1,0,0,1,67,1,2,64,BENGKULU
4716,2020-05-19,0,0,6,-6,67,7,2,58,BENGKULU
4717,2020-05-20,2,0,2,0,69,9,2,58,BENGKULU
4718,2020-05-21,0,0,0,0,69,9,2,58,BENGKULU
4719,2020-05-22,0,0,0,0,69,9,2,58,BENGKULU
4720,2020-05-23,0,0,0,0,69,9,2,58,BENGKULU
4721,2020-05-24,0,0,0,0,69,9,2,58,BENGKULU
4722,2020-05-25,0,1,2,-3,69,11,3,55,BENGKULU
4723,2020-05-26,0,0,8,-8,69,19,3,47,BENGKULU
4724,2020-05-27,2,0,1,1,71,20,3,48,BENGKULU
4725,2020-05-28,1,0,2,-1,72,22,3,47,BENGKULU
4726,2020-05-29,14,0,0,14,86,22,3,61,BENGKULU
4727,2020-05-30,5,0,0,5,91,22,3,66,BENGKULU
4728,2020-05-31,0,0,3,-3,91,25,3,63,BENGKULU
4729,2020-06-01,1,0,0,1,92,25,3,64,BENGKULU
4730,2020-06-02,0,0,0,0,92,25,3,64,BENGKULU
4731,2020-06-03,0,0,0,0,92,25,3,64,BENGKULU
4732,2020-06-04,0,1,0,-1,92,25,4,63,BENGKULU
4733,2020-06-05,0,0,12,-12,92,37,4,51,BENGKULU
4734,2020-06-06,0,0,3,-3,92,40,4,48,BENGKULU
4735,2020-06-07,0,0,0,0,92,40,4,48,BENGKULU
4736,2020-06-08,0,0,6,-6,92,46,4,42,BENGKULU
4737,2020-06-09,0,0,1,-1,92,47,4,41,BENGKULU
4738,2020-06-10,0,0,1,-1,92,48,4,40,BENGKULU
4739,2020-06-11,3,1,1,1,95,49,5,41,BENGKULU
4740,2020-06-12,3,1,9,-7,98,58,6,34,BENGKULU
4741,2020-06-13,3,0,0,3,101,58,6,37,BENGKULU
4742,2020-06-14,0,0,4,-4,101,62,6,33,BENGKULU
4743,2020-06-15,3,0,1,2,104,63,6,35,BENGKULU
4744,2020-06-16,1,0,2,-1,105,65,6,34,BENGKULU
4745,2020-06-17,0,2,0,-2,105,65,8,32,BENGKULU
4746,2020-06-18,2,0,3,-1,107,68,8,31,BENGKULU
4747,2020-06-19,9,0,3,6,116,71,8,37,BENGKULU
4748,2020-06-20,0,1,1,-2,116,72,9,35,BENGKULU
4749,2020-06-21,0,0,0,0,116,72,9,35,BENGKULU
4750,2020-06-22,2,1,0,1,118,72,10,36,BENGKULU
4751,2020-06-23,0,0,1,-1,118,73,10,35,BENGKULU
4752,2020-06-24,2,0,5,-3,120,78,10,32,BENGKULU
4753,2020-06-25,4,0,10,-6,124,88,10,26,BENGKULU
4754,2020-06-26,1,0,1,0,125,89,10,26,BENGKULU
4755,2020-06-27,0,1,0,-1,125,89,11,25,BENGKULU
4756,2020-06-28,0,1,0,-1,125,89,12,24,BENGKULU
4757,2020-06-29,0,0,0,0,125,89,12,24,BENGKULU
4758,2020-06-30,4,0,1,3,129,90,12,27,BENGKULU
4759,2020-07-01,1,0,1,0,130,91,12,27,BENGKULU
4760,2020-07-02,6,1,3,2,136,94,13,29,BENGKULU
4761,2020-07-03,1,0,0,1,137,94,13,30,BENGKULU
4762,2020-07-04,4,0,1,3,141,95,13,33,BENGKULU
4763,2020-07-05,0,0,0,0,141,95,13,33,BENGKULU
4764,2020-07-06,3,0,1,2,144,96,13,35,BENGKULU
4765,2020-07-07,7,1,2,4,151,98,14,39,BENGKULU
4766,2020-07-08,4,0,1,3,155,99,14,42,BENGKULU
4767,2020-07-09,3,2,2,-1,158,101,16,41,BENGKULU
4768,2020-07-10,4,0,1,3,162,102,16,44,BENGKULU
4769,2020-07-11,1,0,0,1,163,102,16,45,BENGKULU
4770,2020-07-12,0,0,1,-1,163,103,16,44,BENGKULU
4771,2020-07-13,5,0,1,4,168,104,16,48,BENGKULU
4772,2020-07-14,2,0,1,1,170,105,16,49,BENGKULU
4773,2020-07-15,1,0,1,0,171,106,16,49,BENGKULU
4774,2020-07-16,2,0,1,1,173,107,16,50,BENGKULU
4775,2020-07-17,6,0,0,6,179,107,16,56,BENGKULU
4776,2020-07-18,2,0,3,-1,181,110,16,55,BENGKULU
4777,2020-07-19,0,0,0,0,181,110,16,55,BENGKULU
4778,2020-07-20,0,0,1,-1,181,111,16,54,BENGKULU
4779,2020-07-21,4,0,0,4,185,111,16,58,BENGKULU
4780,2020-07-22,10,0,5,5,195,116,16,63,BENGKULU
4781,2020-07-23,1,0,1,0,196,117,16,63,BENGKULU
4782,2020-07-24,4,0,0,4,200,117,16,67,BENGKULU
4783,2020-07-25,0,0,0,0,200,117,16,67,BENGKULU
4784,2020-07-26,0,0,0,0,200,117,16,67,BENGKULU
4785,2020-07-27,10,0,0,10,210,117,16,77,BENGKULU
4786,2020-07-28,2,2,1,-1,212,118,18,76,BENGKULU
4787,2020-07-29,2,0,0,2,214,118,18,78,BENGKULU
4788,2020-07-30,3,0,0,3,217,118,18,81,BENGKULU
4789,2020-07-31,1,1,0,0,218,118,19,81,BENGKULU
4790,2020-08-01,17,0,0,17,235,118,19,98,BENGKULU
4791,2020-08-02,0,0,0,0,235,118,19,98,BENGKULU
4792,2020-08-03,3,1,0,2,238,118,20,100,BENGKULU
4793,2020-08-04,1,0,17,-16,239,135,20,84,BENGKULU
4794,2020-08-05,1,0,0,1,240,135,20,85,BENGKULU
4795,2020-08-06,0,0,13,-13,240,148,20,72,BENGKULU
4796,2020-08-07,3,1,0,2,243,148,21,74,BENGKULU
4797,2020-08-08,9,0,0,9,252,148,21,83,BENGKULU
4798,2020-08-09,1,1,1,-1,253,149,22,82,BENGKULU
4799,2020-08-10,5,0,2,3,258,151,22,85,BENGKULU
4800,2020-08-11,2,2,0,0,260,151,24,85,BENGKULU
4801,2020-08-12,4,0,7,-3,264,158,24,82,BENGKULU
4802,2020-08-13,10,0,0,10,274,158,24,92,BENGKULU
4803,2020-08-14,3,0,0,3,277,158,24,95,BENGKULU
4804,2020-04-08,1,0,0,1,1,0,0,1,NUSA TENGGARA TIMUR
4805,2020-04-09,0,0,0,0,1,0,0,1,NUSA TENGGARA TIMUR
4806,2020-04-10,0,0,0,0,1,0,0,1,NUSA TENGGARA TIMUR
4807,2020-04-11,0,0,0,0,1,0,0,1,NUSA TENGGARA TIMUR
4808,2020-04-12,0,0,0,0,1,0,0,1,NUSA TENGGARA TIMUR
4809,2020-04-13,0,0,0,0,1,0,0,1,NUSA TENGGARA TIMUR
4810,2020-04-14,0,0,0,0,1,0,0,1,NUSA TENGGARA TIMUR
4811,2020-04-15,0,0,0,0,1,0,0,1,NUSA TENGGARA TIMUR
4812,2020-04-16,0,0,0,0,1,0,0,1,NUSA TENGGARA TIMUR
4813,2020-04-17,0,0,0,0,1,0,0,1,NUSA TENGGARA TIMUR
4814,2020-04-18,0,0,0,0,1,0,0,1,NUSA TENGGARA TIMUR
4815,2020-04-19,0,0,0,0,1,0,0,1,NUSA TENGGARA TIMUR
4816,2020-04-20,0,0,0,0,1,0,0,1,NUSA TENGGARA TIMUR
4817,2020-04-21,0,0,0,0,1,0,0,1,NUSA TENGGARA TIMUR
4818,2020-04-22,0,0,0,0,1,0,0,1,NUSA TENGGARA TIMUR
4819,2020-04-23,0,0,1,-1,1,1,0,0,NUSA TENGGARA TIMUR
4820,2020-04-24,0,0,0,0,1,1,0,0,NUSA TENGGARA TIMUR
4821,2020-04-25,0,0,0,0,1,1,0,0,NUSA TENGGARA TIMUR
4822,2020-04-26,0,0,0,0,1,1,0,0,NUSA TENGGARA TIMUR
4823,2020-04-27,0,0,0,0,1,1,0,0,NUSA TENGGARA TIMUR
4824,2020-04-28,0,0,0,0,1,1,0,0,NUSA TENGGARA TIMUR
4825,2020-04-29,2,0,0,2,3,1,0,2,NUSA TENGGARA TIMUR
4826,2020-04-30,0,0,0,0,3,1,0,2,NUSA TENGGARA TIMUR
4827,2020-05-01,0,0,0,0,3,1,0,2,NUSA TENGGARA TIMUR
4828,2020-05-02,7,0,0,7,10,1,0,9,NUSA TENGGARA TIMUR
4829,2020-05-03,0,0,0,0,10,1,0,9,NUSA TENGGARA TIMUR
4830,2020-05-04,2,0,0,2,12,1,0,11,NUSA TENGGARA TIMUR
4831,2020-05-05,0,0,0,0,12,1,0,11,NUSA TENGGARA TIMUR
4832,2020-05-06,0,0,0,0,12,1,0,11,NUSA TENGGARA TIMUR
4833,2020-05-07,0,0,0,0,12,1,0,11,NUSA TENGGARA TIMUR
4834,2020-05-08,0,0,0,0,12,1,0,11,NUSA TENGGARA TIMUR
4835,2020-05-09,0,0,0,0,12,1,0,11,NUSA TENGGARA TIMUR
4836,2020-05-10,0,0,0,0,12,1,0,11,NUSA TENGGARA TIMUR
4837,2020-05-11,1,0,0,1,13,1,0,12,NUSA TENGGARA TIMUR
4838,2020-05-12,6,0,0,6,19,1,0,18,NUSA TENGGARA TIMUR
4839,2020-05-13,0,1,0,-1,19,1,1,17,NUSA TENGGARA TIMUR
4840,2020-05-14,0,0,0,0,19,1,1,17,NUSA TENGGARA TIMUR
4841,2020-05-15,28,0,1,27,47,2,1,44,NUSA TENGGARA TIMUR
4842,2020-05-16,12,0,4,8,59,6,1,52,NUSA TENGGARA TIMUR
4843,2020-05-17,9,0,0,9,68,6,1,61,NUSA TENGGARA TIMUR
4844,2020-05-18,3,0,0,3,71,6,1,64,NUSA TENGGARA TIMUR
4845,2020-05-19,5,0,0,5,76,6,1,69,NUSA TENGGARA TIMUR
4846,2020-05-20,3,0,0,3,79,6,1,72,NUSA TENGGARA TIMUR
4847,2020-05-21,0,0,0,0,79,6,1,72,NUSA TENGGARA TIMUR
4848,2020-05-22,0,0,0,0,79,6,1,72,NUSA TENGGARA TIMUR
4849,2020-05-23,0,0,0,0,79,6,1,72,NUSA TENGGARA TIMUR
4850,2020-05-24,3,0,0,3,82,6,1,75,NUSA TENGGARA TIMUR
4851,2020-05-25,3,0,1,2,85,7,1,77,NUSA TENGGARA TIMUR
4852,2020-05-26,0,0,2,-2,85,9,1,75,NUSA TENGGARA TIMUR
4853,2020-05-27,0,0,0,0,85,9,1,75,NUSA TENGGARA TIMUR
4854,2020-05-28,5,0,3,2,90,12,1,77,NUSA TENGGARA TIMUR
4855,2020-05-29,1,0,0,1,91,12,1,78,NUSA TENGGARA TIMUR
4856,2020-05-30,1,0,2,-1,92,14,1,77,NUSA TENGGARA TIMUR
4857,2020-05-31,5,0,0,5,97,14,1,82,NUSA TENGGARA TIMUR
4858,2020-06-01,0,0,0,0,97,14,1,82,NUSA TENGGARA TIMUR
4859,2020-06-02,0,0,0,0,97,14,1,82,NUSA TENGGARA TIMUR
4860,2020-06-03,0,0,0,0,97,14,1,82,NUSA TENGGARA TIMUR
4861,2020-06-04,0,0,0,0,97,14,1,82,NUSA TENGGARA TIMUR
4862,2020-06-05,0,0,0,0,97,14,1,82,NUSA TENGGARA TIMUR
4863,2020-06-06,0,0,0,0,97,14,1,82,NUSA TENGGARA TIMUR
4864,2020-06-07,6,0,16,-10,103,30,1,72,NUSA TENGGARA TIMUR
4865,2020-06-08,0,0,0,0,103,30,1,72,NUSA TENGGARA TIMUR
4866,2020-06-09,2,0,7,-5,105,37,1,67,NUSA TENGGARA TIMUR
4867,2020-06-10,0,0,0,0,105,37,1,67,NUSA TENGGARA TIMUR
4868,2020-06-11,0,0,0,0,105,37,1,67,NUSA TENGGARA TIMUR
4869,2020-06-12,0,0,0,0,105,37,1,67,NUSA TENGGARA TIMUR
4870,2020-06-13,3,0,3,0,108,40,1,67,NUSA TENGGARA TIMUR
4871,2020-06-14,0,0,0,0,108,40,1,67,NUSA TENGGARA TIMUR
4872,2020-06-15,0,0,0,0,108,40,1,67,NUSA TENGGARA TIMUR
4873,2020-06-16,0,0,0,0,108,40,1,67,NUSA TENGGARA TIMUR
4874,2020-06-17,0,0,0,0,108,40,1,67,NUSA TENGGARA TIMUR
4875,2020-06-18,0,0,0,0,108,40,1,67,NUSA TENGGARA TIMUR
4876,2020-06-19,0,0,0,0,108,40,1,67,NUSA TENGGARA TIMUR
4877,2020-06-20,3,0,0,3,111,40,1,70,NUSA TENGGARA TIMUR
4878,2020-06-21,0,0,0,0,111,40,1,70,NUSA TENGGARA TIMUR
4879,2020-06-22,0,0,0,0,111,40,1,70,NUSA TENGGARA TIMUR
4880,2020-06-23,0,0,0,0,111,40,1,70,NUSA TENGGARA TIMUR
4881,2020-06-24,0,0,0,0,111,40,1,70,NUSA TENGGARA TIMUR
4882,2020-06-25,2,0,0,2,113,40,1,72,NUSA TENGGARA TIMUR
4883,2020-06-26,0,0,0,0,113,40,1,72,NUSA TENGGARA TIMUR
4884,2020-06-27,0,0,0,0,113,40,1,72,NUSA TENGGARA TIMUR
4885,2020-06-28,0,0,0,0,113,40,1,72,NUSA TENGGARA TIMUR
4886,2020-06-29,0,0,0,0,113,40,1,72,NUSA TENGGARA TIMUR
4887,2020-06-30,0,0,0,0,113,40,1,72,NUSA TENGGARA TIMUR
4888,2020-07-01,5,0,14,-9,118,54,1,63,NUSA TENGGARA TIMUR
4889,2020-07-02,0,0,0,0,118,54,1,63,NUSA TENGGARA TIMUR
4890,2020-07-03,0,0,0,0,118,54,1,63,NUSA TENGGARA TIMUR
4891,2020-07-04,0,0,0,0,118,54,1,63,NUSA TENGGARA TIMUR
4892,2020-07-05,0,0,0,0,118,54,1,63,NUSA TENGGARA TIMUR
4893,2020-07-06,0,0,0,0,118,54,1,63,NUSA TENGGARA TIMUR
4894,2020-07-07,3,0,37,-34,121,91,1,29,NUSA TENGGARA TIMUR
4895,2020-07-08,0,0,0,0,121,91,1,29,NUSA TENGGARA TIMUR
4896,2020-07-09,0,0,0,0,121,91,1,29,NUSA TENGGARA TIMUR
4897,2020-07-10,0,0,0,0,121,91,1,29,NUSA TENGGARA TIMUR
4898,2020-07-11,0,0,0,0,121,91,1,29,NUSA TENGGARA TIMUR
4899,2020-07-12,0,0,0,0,121,91,1,29,NUSA TENGGARA TIMUR
4900,2020-07-13,0,0,0,0,121,91,1,29,NUSA TENGGARA TIMUR
4901,2020-07-14,0,0,0,0,121,91,1,29,NUSA TENGGARA TIMUR
4902,2020-07-15,0,0,0,0,121,91,1,29,NUSA TENGGARA TIMUR
4903,2020-07-16,0,0,0,0,121,91,1,29,NUSA TENGGARA TIMUR
4904,2020-07-17,10,0,12,-2,131,103,1,27,NUSA TENGGARA TIMUR
4905,2020-07-18,0,0,0,0,131,103,1,27,NUSA TENGGARA TIMUR
4906,2020-07-19,3,0,3,0,134,106,1,27,NUSA TENGGARA TIMUR
4907,2020-07-20,3,0,4,-1,137,110,1,26,NUSA TENGGARA TIMUR
4908,2020-07-21,0,0,0,0,137,110,1,26,NUSA TENGGARA TIMUR
4909,2020-07-22,0,0,0,0,137,110,1,26,NUSA TENGGARA TIMUR
4910,2020-07-23,0,0,0,0,137,110,1,26,NUSA TENGGARA TIMUR
4911,2020-07-24,0,0,0,0,137,110,1,26,NUSA TENGGARA TIMUR
4912,2020-07-25,8,0,0,8,145,110,1,34,NUSA TENGGARA TIMUR
4913,2020-07-26,0,0,0,0,145,110,1,34,NUSA TENGGARA TIMUR
4914,2020-07-27,0,0,0,0,145,110,1,34,NUSA TENGGARA TIMUR
4915,2020-07-28,0,0,0,0,145,110,1,34,NUSA TENGGARA TIMUR
4916,2020-07-29,0,0,0,0,145,110,1,34,NUSA TENGGARA TIMUR
4917,2020-07-30,0,0,0,0,145,110,1,34,NUSA TENGGARA TIMUR
4918,2020-07-31,0,0,0,0,145,110,1,34,NUSA TENGGARA TIMUR
4919,2020-08-01,6,0,10,-4,151,120,1,30,NUSA TENGGARA TIMUR
4920,2020-08-02,0,0,0,0,151,120,1,30,NUSA TENGGARA TIMUR
4921,2020-08-03,0,0,0,0,151,120,1,30,NUSA TENGGARA TIMUR
4922,2020-08-04,1,0,9,-8,152,129,1,22,NUSA TENGGARA TIMUR
4923,2020-08-05,0,0,0,0,152,129,1,22,NUSA TENGGARA TIMUR
4924,2020-08-06,0,0,1,-1,152,130,1,21,NUSA TENGGARA TIMUR
4925,2020-08-07,0,0,0,0,152,130,1,21,NUSA TENGGARA TIMUR
4926,2020-08-08,0,0,0,0,152,130,1,21,NUSA TENGGARA TIMUR
4927,2020-08-09,0,0,0,0,152,130,1,21,NUSA TENGGARA TIMUR
4928,2020-08-10,3,0,1,2,155,131,1,23,NUSA TENGGARA TIMUR
4929,2020-08-11,7,0,6,1,162,137,1,24,NUSA TENGGARA TIMUR
4930,2020-08-12,0,0,0,0,162,137,1,24,NUSA TENGGARA TIMUR
4931,2020-08-13,0,0,0,0,162,137,1,24,NUSA TENGGARA TIMUR
4932,2020-08-14,3,0,1,2,165,138,1,26,NUSA TENGGARA TIMUR
